---
BL Top Wind Direction [deg] Valid 1000 PST ~Z75~(1800Z)~Z~ FRI 19 May 2017 ~Z75~[18hrFcst@1433z]~Z~
Model= RASP Region= PANOCHE Grid= d2 Reskm= 4.0 Indexs= 1 51 1 69 Proj= lambert 4000 4000 40.0000 40.0000 -73.0000 36.6487 -121.0445
Day= 2017 5 19 FRI ValidLST= 1000 PST ValidZ= 1800 Fcst= 18.0 Init= 12 Param= bltopwinddir Unit= deg Mult= 1 Min= 0 Max= 360
309 308 306 307 318 331 330 312 287 262 211 231 230 235 238 243 241 243 300 312 323 271 282 275 267 251 247 243 248 251 244 241 241 238 238 239 244 248 243 238 237 237 240 236 227 215 211 214 214 215 219
308 306 306 305 307 315 317 305 289 265 244 222 213 230 243 259 258 260 290 284 307 275 259 246 254 253 251 248 253 247 244 244 245 239 239 239 242 249 242 237 238 238 241 237 229 218 214 218 216 215 217
308 306 306 303 302 301 301 295 283 269 253 208 194 226 264 285 285 285 285 294 290 276 263 264 274 273 266 261 252 249 250 250 248 244 243 242 241 242 244 239 240 240 241 239 232 225 221 220 217 216 216
307 306 306 301 295 291 297 303 300 284 256 207 112 85 12 357 310 270 248 290 302 291 327 332 327 310 291 277 276 264 262 260 257 252 248 244 240 239 241 242 243 244 243 241 235 232 220 219 216 216 214
307 306 306 298 289 287 301 326 324 281 227 60 46 36 26 16 356 237 218 215 325 358 19 19 16 4 345 322 312 280 275 273 262 254 248 242 236 239 241 241 243 245 243 247 238 243 220 218 214 214 213
306 305 306 299 293 293 303 318 299 222 63 44 32 27 15 4 352 317 237 243 256 360 15 13 6 357 349 347 320 290 286 286 267 256 250 244 237 239 243 244 244 247 250 249 245 246 222 218 213 213 213
306 304 305 299 293 292 303 316 283 213 59 43 30 25 16 355 338 302 248 251 339 17 19 14 7 1 351 342 321 309 298 286 273 261 255 247 240 242 243 245 246 248 248 249 240 252 218 215 211 210 210
306 305 306 299 293 292 306 322 246 198 60 43 32 25 7 7 1 315 277 257 3 22 21 15 8 2 351 334 329 333 319 318 275 261 256 251 243 226 247 249 248 249 247 251 248 222 206 210 209 211 212
308 306 306 299 291 290 304 338 328 218 58 42 33 21 15 13 340 316 290 325 24 24 22 16 10 3 351 343 350 353 344 319 260 254 256 253 243 226 231 230 249 247 247 217 205 200 200 206 208 212 213
309 309 308 299 290 289 304 311 247 216 48 33 34 11 15 10 352 276 275 357 33 27 24 17 13 6 354 0 3 357 314 234 239 247 253 249 239 224 236 227 223 244 248 243 217 205 199 204 208 211 216
310 310 309 300 291 294 308 293 223 49 37 31 29 299 260 300 249 223 210 107 48 39 30 21 15 8 1 6 5 333 222 214 225 245 246 243 236 225 210 223 218 214 237 246 227 211 201 203 208 212 216
310 311 311 305 299 317 308 252 204 40 39 35 303 249 243 259 263 251 198 87 63 47 34 24 15 12 8 7 360 238 218 217 216 226 237 241 233 220 208 224 215 215 235 244 241 218 204 204 208 213 215
311 313 314 315 324 341 309 184 43 42 39 36 283 242 326 356 336 223 174 94 62 49 35 24 27 17 12 7 294 242 229 224 225 233 239 237 232 218 214 209 214 213 207 231 214 209 202 204 208 211 211
311 315 317 324 350 353 321 190 41 37 36 27 337 345 20 9 314 233 123 79 54 43 33 27 34 26 13 8 278 256 248 239 236 239 239 235 237 220 236 210 211 213 200 226 206 205 202 205 206 209 209
312 317 320 330 360 4 322 135 41 36 35 16 353 4 15 358 296 250 26 62 45 41 32 28 31 27 14 11 318 279 263 257 249 244 242 231 226 223 229 226 222 235 209 198 200 203 201 202 203 206 205
313 319 322 333 11 23 315 83 46 35 34 1 8 4 349 340 352 346 350 29 29 36 34 29 34 28 17 14 356 295 269 270 269 258 244 235 218 222 219 226 222 211 214 202 199 199 199 199 199 199 199
314 320 324 338 34 47 277 68 46 33 34 15 9 347 259 357 4 359 0 5 22 30 31 36 37 25 20 15 6 315 268 277 289 283 264 248 224 222 215 236 220 205 212 204 201 200 199 198 198 197 196
314 321 325 343 62 70 120 67 32 29 16 15 359 346 288 5 10 4 329 332 7 21 30 34 37 23 19 13 6 325 298 307 309 297 270 251 225 218 214 225 219 212 211 202 201 201 199 199 198 197 196
315 323 327 351 80 80 111 76 28 19 16 1 352 285 340 9 9 354 285 304 354 13 22 32 34 24 19 10 358 333 324 327 320 285 234 226 214 225 222 223 220 216 212 204 202 202 201 199 199 198 196
316 324 327 358 84 106 167 55 34 9 11 354 350 307 356 6 7 289 270 296 348 9 18 29 32 22 17 6 353 340 331 334 318 234 212 208 203 217 221 223 221 217 208 204 203 203 202 200 199 198 196
316 324 327 355 93 147 124 55 39 13 349 349 341 328 2 3 356 255 276 299 345 6 16 28 31 22 19 10 359 345 335 323 255 209 213 211 203 220 220 222 221 221 210 204 204 202 203 200 199 196 194
316 325 328 354 97 120 203 74 38 17 338 346 340 347 0 360 320 240 235 304 345 4 16 26 27 20 21 18 9 354 323 272 263 228 231 214 200 194 203 221 220 211 205 206 204 202 201 199 197 198 196
315 324 328 355 90 89 161 75 32 23 344 335 343 352 355 349 289 240 228 309 347 3 16 27 26 23 26 23 17 355 339 286 277 275 263 209 198 197 224 218 209 209 205 205 204 201 200 198 197 200 198
314 324 328 359 73 67 107 76 23 20 349 340 343 347 354 328 269 263 273 318 347 360 14 29 29 26 26 29 21 359 345 292 279 287 279 221 204 218 219 216 207 210 205 205 203 202 198 197 196 196 195
313 323 327 356 67 70 112 55 16 6 352 348 349 349 345 302 274 299 278 322 336 359 16 31 31 22 25 19 8 359 349 328 273 275 277 249 220 222 216 216 213 204 206 207 204 201 197 195 195 199 198
312 321 326 357 59 95 242 32 18 7 357 359 355 351 329 309 275 292 283 297 341 357 10 27 33 23 19 13 3 356 349 331 265 260 265 257 245 228 217 214 215 206 206 205 207 202 197 194 194 197 199
311 312 325 354 36 6 342 33 31 20 13 7 348 351 327 317 275 266 293 305 347 355 4 21 31 23 14 8 0 354 336 286 251 260 261 261 257 250 221 216 209 206 203 203 206 202 196 193 192 192 191
311 311 323 351 21 341 349 40 40 33 32 26 7 344 324 324 276 273 305 326 345 352 1 19 24 19 11 5 359 346 300 272 261 266 265 246 239 236 227 219 206 205 204 204 205 202 195 193 191 188 187
310 312 321 345 7 340 337 39 27 16 8 9 359 332 327 329 324 308 289 313 340 352 4 19 22 17 10 5 356 333 282 271 272 272 267 256 237 240 231 222 205 204 198 197 199 201 195 192 190 188 187
309 314 319 338 356 325 349 34 22 359 348 357 341 320 316 317 320 303 303 313 337 351 4 19 20 15 9 3 326 320 290 282 283 281 270 256 243 234 234 226 210 199 194 196 196 198 193 191 188 188 187
312 317 317 329 339 255 352 34 24 5 352 336 339 315 303 308 313 306 316 329 340 348 2 19 17 13 8 359 324 329 311 283 286 281 273 260 248 241 237 230 215 200 191 192 191 193 191 189 187 186 186
315 320 316 320 313 322 9 41 33 17 3 5 1 349 302 303 306 323 327 339 341 347 2 19 15 11 9 350 331 344 339 278 281 276 271 258 250 243 236 227 213 201 191 188 186 188 188 188 187 186 186
318 322 316 310 274 325 21 43 42 38 19 14 15 1 307 299 306 333 331 344 344 348 1 16 12 8 3 355 336 344 336 292 276 274 272 259 251 240 230 219 209 200 188 185 179 183 185 186 186 184 185
319 323 317 306 288 8 36 40 36 27 19 22 26 13 299 295 302 324 339 350 347 353 359 11 12 9 4 360 334 308 297 285 276 272 269 261 255 240 230 219 207 197 185 182 177 179 181 184 185 184 187
321 325 319 308 276 10 41 42 33 21 355 0 18 352 280 294 304 330 350 358 354 3 1 8 7 9 9 4 350 286 277 277 282 276 266 253 247 240 229 218 207 194 184 178 175 176 178 181 183 183 184
323 327 322 317 277 14 42 41 33 338 340 349 12 312 276 291 304 337 359 6 7 1 356 360 358 5 8 4 357 291 283 284 289 286 276 261 246 227 220 216 206 192 182 175 171 173 172 177 179 178 179
324 329 327 340 325 353 36 38 33 339 334 343 4 293 271 284 292 335 360 0 8 344 333 339 351 4 6 5 360 334 278 280 288 289 277 259 239 229 219 212 204 190 179 174 170 171 168 172 173 170 175
325 330 328 334 263 303 18 36 21 333 308 327 349 281 272 279 271 328 357 353 354 313 309 315 338 360 3 3 357 316 281 283 288 285 276 258 242 228 217 208 200 189 177 171 170 168 165 168 167 163 165
326 331 332 336 193 262 344 10 337 280 283 294 306 268 265 266 229 322 357 350 311 295 303 313 332 354 0 360 341 288 280 286 287 280 271 258 245 227 215 204 197 187 177 170 169 167 162 164 164 162 161
325 332 336 350 104 11 270 288 286 278 280 280 268 253 264 243 183 323 345 344 300 278 298 311 327 354 359 353 307 283 278 282 290 278 270 256 242 225 213 202 194 185 176 169 167 166 160 162 160 154 141
325 333 342 10 70 34 280 274 275 276 276 274 249 254 245 155 144 309 329 327 280 269 283 303 324 0 358 344 283 275 277 280 287 278 266 255 242 222 209 200 192 183 174 170 166 162 160 160 158 150 139
325 332 344 15 32 23 273 278 275 265 266 254 229 243 281 138 156 299 319 308 256 261 269 297 319 4 359 330 271 282 282 285 289 282 268 250 228 217 206 197 188 181 172 168 166 160 159 159 156 146 144
325 332 342 6 11 342 275 325 289 294 308 198 221 169 171 158 167 265 287 270 247 253 261 282 312 348 1 330 273 286 287 289 288 287 279 267 236 218 203 195 184 178 171 167 163 160 158 158 154 139 152
324 330 337 351 351 328 308 280 256 246 249 267 272 183 161 159 162 225 270 238 246 252 249 264 286 310 339 328 272 268 283 282 284 284 278 265 238 220 201 190 184 175 168 162 162 157 158 156 152 135 159
322 326 328 332 329 313 284 258 249 253 247 237 275 247 186 150 160 249 251 245 252 252 243 245 262 284 303 303 271 48 273 280 286 285 277 256 240 221 197 184 179 175 169 159 159 155 156 155 152 131 156
319 319 320 319 315 306 290 272 261 255 255 243 251 276 152 160 171 245 252 254 254 246 236 233 258 279 296 298 291 282 286 289 294 285 278 257 234 208 202 185 176 172 168 160 156 153 156 154 153 144 151
316 315 314 312 308 302 291 278 267 261 254 257 240 257 241 153 206 224 234 253 255 244 48 303 267 289 302 307 303 297 289 288 295 294 292 258 233 199 197 188 177 170 166 162 154 153 155 155 153 150 150
315 313 311 309 305 301 293 283 274 266 259 259 245 270 247 180 219 237 250 256 261 246 254 282 301 308 316 316 316 307 285 281 290 297 288 263 208 200 185 184 175 168 164 162 156 150 154 154 153 152 151
314 312 309 307 304 300 293 284 275 268 262 257 252 263 230 186 219 265 287 283 260 251 286 307 319 319 318 318 319 309 283 276 287 296 288 252 216 194 185 180 172 166 163 162 158 153 152 153 153 151 149
315 311 308 306 303 299 293 284 276 269 262 254 249 261 224 195 226 285 296 290 255 264 305 317 327 327 317 317 318 305 282 272 280 299 299 263 216 198 188 176 168 164 161 155 156 156 156 154 153 151 150
315 312 309 307 303 299 292 283 277 272 259 245 242 242 205 231 294 310 296 298 261 288 314 321 337 341 327 319 317 306 285 276 290 305 303 276 218 198 184 172 166 160 157 157 190 153 154 155 153 152 153
314 312 310 307 304 300 293 284 283 273 247 230 225 206 123 310 322 329 308 289 274 291 313 326 343 346 340 323 314 306 290 280 292 304 305 287 239 203 182 171 165 156 154 159 161 152 153 154 156 150 155
314 312 310 308 304 300 294 287 292 263 72 142 178 125 29 326 332 327 298 267 282 292 311 326 349 348 346 335 316 302 290 286 292 302 307 299 252 204 179 174 163 155 155 159 160 154 153 153 153 147 152
315 313 311 308 304 301 295 295 296 232 67 10 150 65 339 347 345 327 270 268 282 295 314 326 358 353 352 353 335 302 290 286 290 295 304 299 234 200 177 168 161 156 154 158 159 156 154 153 153 148 151
316 313 312 309 305 302 301 303 292 107 352 323 318 337 347 354 336 322 258 274 289 307 319 329 7 1 356 358 357 311 292 288 290 294 300 294 236 197 169 164 160 157 154 157 158 157 155 154 154 156 155
316 314 314 311 307 305 310 307 264 67 335 312 323 328 346 2 335 270 261 274 295 314 324 337 8 4 357 357 359 336 307 292 288 294 299 289 258 196 168 165 160 157 155 156 157 157 155 154 154 158 158
317 315 315 313 309 309 319 311 98 26 325 307 303 316 336 331 325 253 264 280 305 325 335 359 8 4 358 356 353 338 312 295 288 290 293 285 261 198 171 164 160 158 156 155 156 156 155 155 154 158 159
318 317 317 315 312 314 325 313 47 6 339 310 296 312 323 319 260 258 237 198 320 339 344 14 12 5 2 359 352 343 332 296 286 284 287 287 266 201 175 168 160 159 157 155 155 156 155 155 154 155 157
319 318 318 316 315 317 328 314 290 348 354 310 293 315 314 268 245 247 194 154 101 10 348 14 15 7 4 1 353 347 334 294 284 281 280 284 266 205 178 169 162 161 159 157 155 155 155 155 155 156 157
320 319 319 318 317 317 322 311 240 352 340 308 314 324 297 241 250 204 151 136 78 25 350 17 15 9 8 7 2 351 311 290 287 280 279 281 264 211 178 170 163 161 160 158 155 155 154 155 155 156 157
322 320 319 319 318 315 313 296 277 356 325 312 333 344 249 258 267 161 127 87 53 28 357 20 15 10 6 2 360 348 306 290 289 286 282 280 259 208 172 170 164 161 161 159 157 155 154 155 157 156 157
323 321 320 320 318 312 303 244 357 3 314 303 303 271 237 261 263 241 161 52 41 24 5 16 18 13 8 4 0 343 304 293 288 284 274 256 244 196 170 168 164 162 161 160 158 156 155 156 158 158 158
321 321 320 320 317 309 298 217 17 16 315 295 279 253 243 254 249 227 187 89 27 26 16 12 14 12 7 2 355 338 304 298 288 273 263 247 226 186 165 165 164 162 162 161 159 159 156 157 158 157 161
321 320 321 319 314 305 303 302 337 29 349 305 280 259 251 252 237 209 359 99 40 40 18 4 6 2 358 352 346 337 302 296 283 274 255 237 212 179 164 161 164 166 163 160 159 159 157 158 158 154 162
321 320 321 319 313 303 292 239 343 23 13 327 294 277 266 257 230 206 91 129 82 45 21 5 354 351 348 343 341 324 299 300 281 263 247 228 205 173 160 151 160 166 167 163 161 161 158 158 158 152 164
322 320 320 318 314 305 296 264 287 320 3 343 317 295 284 256 184 172 170 146 128 73 32 357 343 338 335 333 331 320 307 295 280 250 233 212 189 175 166 161 161 163 163 162 160 160 158 158 158 151 163
323 321 319 318 319 318 311 291 276 271 18 340 331 322 297 351 345 330 198 132 119 97 43 7 333 328 326 328 325 317 302 289 277 251 218 193 179 169 163 161 162 163 162 161 160 159 158 158 158 152 156
324 321 318 319 321 318 306 294 267 269 29 346 356 354 341 352 311 286 303 23 110 90 15 34 331 327 325 328 325 319 300 295 287 261 224 189 174 164 159 160 162 163 162 161 159 159 158 157 158 154 152
324 320 317 318 320 320 310 296 267 269 44 17 22 340 333 318 298 284 264 3 88 40 1 5 337 333 331 328 325 321 297 299 287 253 215 181 171 164 159 160 161 162 161 160 159 159 158 158 158 155 151
