---
BL Top Wind Direction [deg] Valid 1200 PST ~Z75~(2000Z)~Z~ FRI 19 May 2017 ~Z75~[20hrFcst@1453z]~Z~
Model= RASP Region= PANOCHE Grid= w2 Reskm= 1.3 Indexs= 1 69 1 63 Proj= lambert 1333 1333 40.0000 40.0000 -73.0000 36.8890 -121.0672
Day= 2017 5 19 FRI ValidLST= 1200 PST ValidZ= 2000 Fcst= 20.0 Init= 12 Param= bltopwinddir Unit= deg Mult= 1 Min= 0 Max= 360
328 331 340 350 357 0 3 7 10 14 10 12 13 13 13 16 14 14 15 15 16 18 20 21 18 17 16 15 11 12 356 350 346 343 341 341 342 341 337 334 328 325 316 311 303 291 289 286 285 287 287 289 289 292 298 298 297 294 293 293 294 299 302 301 299 299 300 298 296
325 329 344 355 1 3 5 8 8 10 10 11 12 12 12 15 13 14 14 14 14 17 19 20 17 16 15 13 10 13 356 352 347 343 342 342 342 341 340 335 332 327 318 312 305 295 292 285 283 282 282 283 290 292 296 298 297 293 293 293 295 299 302 301 300 299 300 301 298
325 329 345 358 5 6 8 9 10 9 9 10 11 11 12 13 13 13 13 14 15 16 17 17 17 14 12 8 5 3 356 354 348 345 345 344 343 343 340 338 335 329 322 315 309 300 291 286 282 283 284 288 291 290 295 299 298 295 293 294 295 297 300 301 300 299 300 299 296
322 327 351 1 10 9 10 10 10 9 9 9 10 11 12 13 13 13 12 14 16 17 17 17 17 12 6 1 2 1 356 355 349 345 348 345 346 344 343 343 339 332 325 318 314 304 296 288 282 285 285 291 292 294 290 291 296 293 294 294 295 295 296 297 297 297 297 298 297
325 331 357 11 16 13 12 12 12 10 9 9 9 11 11 12 13 12 11 13 16 18 17 16 15 9 360 355 360 0 357 357 354 346 351 346 348 345 346 345 342 336 326 317 314 302 289 281 278 293 294 285 286 290 289 291 301 292 293 293 294 295 295 298 295 296 298 298 295
333 345 7 16 19 14 14 12 10 9 8 7 8 8 8 9 9 9 12 14 14 15 14 14 12 8 4 2 0 359 357 355 351 344 349 344 344 343 343 341 337 336 330 318 314 306 293 281 281 281 285 294 287 291 291 291 292 293 294 294 295 296 293 293 297 295 295 294 287
346 1 14 19 20 17 16 13 11 8 7 7 8 8 7 7 6 7 10 12 12 11 12 11 8 4 1 3 2 2 0 356 352 339 347 346 345 344 340 340 339 336 332 323 313 308 303 291 282 283 289 287 289 289 294 292 296 294 296 295 294 296 298 295 293 292 287 286 286
356 11 18 22 22 18 16 13 11 8 5 7 8 6 6 4 4 5 9 11 11 10 11 11 8 4 3 5 7 5 2 359 354 338 341 344 341 339 336 334 335 334 330 328 319 308 306 295 284 282 292 296 292 288 294 293 292 295 299 300 292 296 293 295 295 290 288 286 285
2 17 21 24 23 19 16 14 11 7 5 7 7 7 4 3 2 6 10 10 10 11 12 12 10 9 8 9 12 10 7 3 355 339 334 341 338 334 331 334 334 332 328 327 324 312 302 299 295 283 284 292 289 288 289 293 296 294 299 294 294 295 293 293 293 290 289 287 288
3 16 23 25 24 21 18 15 12 7 7 5 6 6 2 2 2 7 10 10 10 11 12 12 11 12 13 12 15 16 13 10 2 340 322 337 333 331 328 331 332 329 326 328 325 313 296 295 293 288 291 285 289 289 290 294 296 293 292 298 298 291 288 293 296 290 289 290 289
3 15 23 27 26 23 21 17 14 9 7 3 1 0 0 360 0 6 8 7 9 10 10 10 10 14 17 14 16 19 17 18 14 349 313 322 322 329 329 332 332 328 324 319 314 309 299 287 279 286 289 286 287 291 293 295 299 294 296 299 305 293 294 292 296 290 291 290 288
1 14 22 28 28 25 23 20 17 14 10 6 3 0 359 0 2 6 8 6 9 10 10 10 10 15 15 15 17 18 18 20 22 2 309 316 311 329 326 326 323 328 321 314 306 298 303 295 287 289 294 293 289 295 290 296 297 295 294 299 304 298 292 291 293 293 289 288 288
359 13 22 28 30 27 26 23 20 19 16 13 7 1 360 2 4 9 9 7 10 10 10 11 14 16 15 14 15 16 15 17 15 358 315 309 305 315 319 318 312 313 315 302 301 295 294 287 289 291 295 293 289 290 292 297 301 298 297 292 293 297 291 290 287 290 289 289 288
355 8 22 28 30 30 28 26 24 20 13 9 7 2 0 2 4 6 6 5 8 8 8 10 13 16 14 14 15 15 15 16 12 1 329 310 309 311 309 310 305 305 306 301 299 297 292 292 293 293 296 296 290 292 294 294 298 298 298 294 294 298 294 295 290 291 290 290 288
353 5 18 29 31 31 28 26 23 20 13 9 3 0 358 0 2 4 3 4 6 6 6 8 13 13 14 17 17 15 14 12 10 3 351 324 312 308 310 307 308 307 300 299 299 295 293 294 291 292 287 295 290 294 291 293 300 300 295 295 294 297 296 296 288 290 292 290 289
349 2 15 28 32 29 27 25 22 19 11 6 4 359 359 1 3 4 3 3 4 4 5 9 10 11 13 16 15 13 13 12 9 4 1 349 326 312 316 311 306 302 300 299 304 298 298 294 294 294 289 294 290 292 293 291 293 296 298 295 296 299 298 296 288 289 291 291 290
344 358 13 26 30 28 27 24 22 19 11 6 1 359 0 3 5 4 3 3 3 3 4 7 11 12 14 15 14 13 12 11 8 4 358 353 342 329 326 317 311 308 302 298 301 299 295 292 293 293 290 292 292 294 296 292 296 298 291 293 296 297 295 296 290 289 289 290 290
341 356 10 26 29 28 26 23 21 18 8 4 0 354 0 0 2 1 2 3 3 3 3 7 11 12 13 14 14 13 12 11 8 5 360 352 348 351 339 320 319 318 314 300 295 299 294 292 291 290 289 293 292 289 289 292 293 295 294 293 297 296 296 292 288 289 290 291 291
337 353 9 24 29 28 26 24 21 18 8 3 356 358 360 359 1 360 0 2 3 5 7 9 12 13 13 14 14 13 11 10 7 5 358 352 352 350 346 330 319 302 311 309 297 296 290 291 293 291 292 291 294 289 289 294 292 293 295 293 293 293 292 291 291 290 291 291 292
333 350 8 23 28 25 25 23 22 21 6 1 354 356 357 359 359 357 359 0 2 4 7 8 13 13 14 15 15 12 11 9 6 2 357 354 355 346 338 337 328 313 315 314 313 300 291 287 292 292 295 289 292 288 289 293 293 294 295 292 292 294 295 293 292 291 292 292 292
328 347 5 21 25 24 22 21 23 19 3 359 351 348 356 358 358 356 358 359 1 3 5 7 11 14 16 17 16 13 12 10 5 1 355 358 355 339 333 329 323 310 318 315 313 312 297 289 284 291 291 296 290 290 289 291 294 293 296 292 290 294 296 295 295 293 293 293 293
320 340 1 20 23 24 20 19 20 17 4 355 335 343 355 356 355 355 356 357 359 2 4 8 11 13 14 15 14 13 11 8 5 1 359 358 350 339 332 332 325 313 313 315 307 307 307 292 284 282 296 294 291 292 288 290 293 292 294 292 291 295 296 295 296 293 294 294 294
312 331 356 16 20 23 18 17 18 15 3 352 334 329 352 353 352 352 354 355 357 360 3 8 11 13 12 12 12 10 8 6 4 0 0 352 346 340 333 330 321 307 298 310 308 300 300 299 286 280 283 294 285 291 291 291 293 292 292 292 292 294 296 294 291 293 294 295 295
307 323 347 10 16 20 17 16 16 12 1 353 312 323 347 350 349 351 353 355 359 3 6 11 13 13 13 13 10 9 7 5 3 360 360 346 344 340 334 329 324 311 298 306 311 301 293 293 288 280 284 293 280 286 290 291 292 293 293 294 294 294 294 293 294 295 295 296 296
295 308 337 4 10 17 16 16 17 13 1 359 316 327 343 347 346 349 352 355 358 1 5 10 14 17 17 14 10 8 7 5 2 357 355 343 339 337 329 324 322 324 305 311 306 302 290 288 285 280 280 292 282 287 290 291 291 293 293 293 295 294 293 295 295 295 295 296 296
288 295 324 356 4 16 14 14 15 10 354 356 325 318 322 341 337 346 350 356 359 1 8 12 11 14 16 16 13 10 7 5 360 355 351 344 334 334 327 321 324 319 311 295 299 292 288 289 286 283 283 283 286 294 295 292 293 294 294 294 295 295 295 294 294 295 295 295 296
285 288 310 344 357 12 13 12 12 4 354 350 348 313 328 335 328 339 346 355 357 2 4 11 10 10 15 16 14 12 9 5 359 355 350 346 335 331 326 321 320 311 293 293 292 294 291 290 290 287 284 287 289 289 294 295 294 296 295 295 296 296 296 293 294 294 295 296 296
286 287 302 327 347 6 11 10 9 4 351 351 342 320 306 329 326 329 337 347 350 356 2 5 13 14 13 15 14 13 9 6 359 355 349 347 339 325 323 320 314 302 294 291 291 297 291 290 293 296 287 288 291 291 296 296 296 297 297 294 295 296 292 292 294 294 295 296 296
288 287 297 314 338 358 8 10 9 7 339 2 331 310 314 320 322 321 329 337 342 351 359 4 10 14 19 19 14 11 8 6 357 354 349 346 339 326 314 326 323 312 293 292 291 296 295 291 291 296 288 290 291 292 296 297 296 296 296 294 294 292 294 293 294 294 295 296 296
288 288 294 306 330 351 3 10 9 8 338 359 326 298 298 310 310 314 322 326 332 345 358 2 8 13 17 18 13 8 6 4 355 350 347 345 338 328 312 319 322 308 296 292 296 297 297 296 291 296 291 290 293 293 296 297 296 295 295 294 294 296 295 295 295 294 295 296 296
288 288 292 300 319 343 358 10 6 5 339 355 326 292 294 303 308 309 313 315 317 336 354 1 7 13 14 15 14 9 6 2 354 349 346 344 337 332 313 306 324 308 296 297 297 301 299 300 295 294 292 292 295 295 296 297 296 296 296 296 295 296 295 296 296 295 295 296 296
286 287 289 289 307 335 348 354 3 359 347 340 320 287 290 296 299 298 304 303 305 324 347 360 7 12 16 15 14 12 7 4 353 348 343 341 334 326 321 312 310 310 304 300 298 299 297 298 297 298 295 294 297 298 297 297 297 299 298 298 297 299 299 298 296 295 295 296 296
283 284 286 286 299 324 339 350 0 357 5 334 301 286 286 294 289 292 298 296 298 308 339 357 4 9 14 14 14 8 4 0 346 344 342 340 327 322 318 314 318 316 305 302 299 296 297 305 304 302 296 295 298 300 298 298 298 299 298 300 298 296 295 298 298 295 295 296 296
283 283 285 285 293 314 332 347 356 357 2 339 295 285 285 293 286 291 296 293 294 303 332 353 0 6 12 14 10 6 3 2 344 336 341 338 330 319 319 321 315 309 306 303 300 304 302 301 306 304 302 295 297 300 300 299 299 300 299 301 301 297 299 298 295 295 295 296 297
283 284 284 284 291 307 324 336 345 351 345 329 295 284 287 291 286 289 294 293 295 302 324 344 358 1 8 12 13 5 5 5 352 335 341 336 335 319 317 331 320 312 308 306 306 305 307 303 305 304 302 294 297 301 302 300 301 302 300 300 301 298 298 298 298 298 297 296 297
280 282 281 278 286 299 312 320 328 333 333 282 281 283 282 287 289 289 291 294 296 306 318 334 358 2 6 13 9 6 8 11 0 349 343 337 334 326 321 329 335 321 313 309 313 312 304 297 302 307 301 301 297 304 302 302 303 302 301 299 298 297 300 298 298 296 296 296 298
277 278 277 280 283 294 297 312 323 326 298 281 280 283 281 288 292 290 293 295 298 307 317 331 353 359 3 6 5 5 6 3 355 351 344 342 330 331 325 337 334 333 320 321 306 313 305 302 298 304 300 298 297 301 305 303 303 301 301 297 298 296 298 297 296 296 297 296 295
273 275 276 275 279 286 295 302 312 311 300 292 280 282 285 290 293 292 293 296 299 307 312 317 336 351 359 3 3 3 5 358 349 350 347 349 334 335 332 335 337 329 323 324 309 310 302 303 299 304 300 300 298 303 303 308 305 305 300 293 298 296 301 298 297 297 297 297 296
270 272 272 272 273 279 285 302 306 294 293 287 286 286 278 290 290 294 295 297 297 301 302 308 323 344 357 0 358 358 357 352 348 348 351 350 339 324 329 334 336 329 318 320 307 309 302 305 299 303 303 298 300 300 301 304 301 303 301 299 290 292 295 298 296 297 298 298 297
267 268 270 270 271 276 281 295 298 299 295 289 286 279 281 287 293 295 295 294 293 293 297 300 309 323 339 352 357 355 351 351 350 351 350 344 343 322 328 333 327 322 317 317 306 308 299 301 298 300 303 300 303 299 301 302 301 303 295 297 294 294 299 302 302 296 298 299 298
265 266 269 269 269 281 288 293 288 298 297 290 287 284 285 289 295 295 294 291 290 288 287 289 291 298 315 336 342 350 354 356 354 352 343 344 342 311 329 330 325 306 303 309 305 308 301 302 302 301 304 300 301 298 299 299 299 301 294 292 291 293 298 295 287 296 298 299 299
263 265 269 269 276 282 282 285 283 287 288 289 289 288 287 290 293 294 291 287 286 284 282 282 284 291 306 314 318 332 345 356 357 352 344 347 344 304 328 323 310 293 289 307 303 303 301 300 303 301 305 302 302 303 300 300 301 299 297 297 297 298 301 299 297 299 300 300 300
262 266 272 273 277 282 283 288 289 285 286 288 288 289 289 291 290 290 287 285 283 280 278 277 276 280 288 298 305 317 330 342 345 348 346 352 350 287 285 312 301 320 306 307 308 304 305 302 302 301 306 304 304 302 301 301 301 300 300 300 299 299 302 300 299 300 300 301 301
262 266 272 274 276 279 277 282 281 282 286 287 288 287 286 287 287 285 284 284 282 278 276 277 277 281 284 289 296 311 323 334 337 341 344 351 347 281 1 322 349 327 303 309 312 300 310 305 303 295 307 305 307 306 304 303 302 303 303 302 301 300 304 301 299 300 301 301 301
261 267 272 273 276 278 282 282 284 282 284 287 286 283 285 286 285 281 283 285 281 279 277 277 279 281 283 289 300 316 329 332 335 341 347 353 353 280 12 330 346 325 312 306 310 302 302 305 302 295 304 302 308 306 306 305 303 302 303 303 302 300 304 302 300 300 302 301 301
259 268 271 272 275 276 279 280 281 282 285 285 282 281 282 283 284 285 285 287 283 281 279 281 283 285 288 295 311 327 333 335 339 344 349 353 357 295 48 316 334 312 312 307 299 306 299 301 300 294 301 305 309 308 308 307 304 304 304 305 304 301 304 303 302 299 300 299 297
259 265 268 270 272 273 273 278 280 281 282 283 281 278 276 278 279 281 286 290 285 281 281 283 288 291 295 307 329 334 336 341 346 349 351 350 350 329 296 28 314 316 311 307 303 307 301 299 295 297 296 303 306 309 307 305 304 304 304 304 302 300 304 303 301 300 299 296 295
257 260 265 267 267 267 272 275 278 280 283 281 277 274 275 278 283 283 289 291 292 283 282 289 294 297 302 323 337 336 339 344 348 351 351 351 347 345 327 309 321 327 321 314 305 303 302 303 300 297 299 298 306 309 308 307 305 305 306 305 304 303 304 303 302 300 297 295 295
256 257 261 263 264 267 269 273 277 281 281 279 276 275 279 283 285 289 296 252 291 288 283 292 262 301 307 327 332 325 334 341 348 351 352 352 348 342 334 320 320 335 316 310 305 303 297 294 296 295 298 297 304 307 310 307 305 303 304 301 305 304 303 303 298 299 297 296 297
254 258 260 262 260 262 263 270 275 283 282 283 284 285 289 291 292 294 292 257 255 257 291 293 299 253 302 308 301 309 329 340 347 351 353 353 350 346 343 327 327 332 322 314 307 299 294 292 294 287 292 296 300 303 309 309 307 304 304 304 306 304 304 303 302 299 298 297 298
253 257 258 260 254 253 265 272 276 288 288 292 295 295 299 300 278 273 267 262 268 284 286 291 288 302 302 292 292 308 327 337 346 351 353 354 353 352 350 326 329 322 316 307 300 299 298 295 296 292 293 296 300 303 307 308 305 302 303 305 307 304 302 300 300 298 297 295 296
253 254 258 261 258 258 272 277 286 300 299 303 300 305 306 305 308 292 284 272 329 342 331 312 303 310 303 297 303 314 325 337 346 351 354 355 355 353 348 328 330 327 324 309 302 295 288 291 294 296 296 293 296 300 305 308 306 304 301 303 308 307 303 301 301 298 293 294 292
255 255 260 260 262 263 278 282 290 309 309 306 309 309 308 309 311 296 323 333 347 348 347 339 331 329 323 313 308 310 318 330 341 348 352 354 355 353 348 326 326 330 315 304 296 295 289 289 292 295 297 296 300 299 304 307 309 306 302 301 301 303 301 298 300 293 294 294 292
256 257 264 269 266 268 272 272 290 312 315 314 314 313 313 315 301 303 330 339 347 349 347 342 342 345 339 324 310 311 317 324 335 344 350 352 352 349 346 339 332 327 318 313 307 301 292 289 281 285 288 293 296 296 302 306 307 306 303 302 299 302 305 303 300 295 296 295 293
260 263 270 275 267 270 274 296 310 323 321 318 315 312 314 321 300 326 334 339 345 347 346 348 352 351 346 340 321 318 323 326 333 343 348 351 351 349 344 339 328 319 310 310 300 290 288 285 281 286 290 294 297 298 302 302 305 305 304 304 301 300 302 299 295 297 296 296 296
264 268 275 281 268 291 303 317 328 332 327 325 323 322 320 323 325 330 339 345 349 348 350 353 354 354 352 348 337 327 328 331 336 343 348 351 353 351 349 337 330 324 315 313 298 299 292 292 291 291 290 294 296 296 300 303 305 307 305 305 305 304 300 297 295 295 296 297 297
268 274 282 287 270 299 315 326 333 336 332 327 327 324 325 327 331 335 342 347 347 349 351 354 355 355 355 353 348 337 332 336 339 344 348 350 352 351 350 337 332 321 311 294 287 290 288 288 291 294 297 297 296 296 299 302 306 308 306 303 302 298 293 292 292 296 295 298 298
272 280 287 293 303 319 328 333 336 338 336 328 322 318 327 330 335 338 343 347 349 352 355 356 356 356 356 355 355 344 338 340 342 345 347 350 351 349 349 341 330 320 302 288 279 277 287 286 284 287 291 295 296 298 301 303 304 306 306 302 302 302 294 296 298 299 298 299 299
283 291 296 304 317 325 331 332 336 336 334 326 330 318 325 331 336 341 345 349 352 355 357 358 358 357 356 355 357 352 345 344 344 346 348 350 349 351 347 341 331 320 304 287 279 277 279 289 289 291 293 296 299 300 301 303 304 304 303 299 300 297 297 301 302 297 299 298 300
294 305 314 322 329 334 334 331 333 333 331 326 329 324 326 332 338 345 350 353 357 359 0 1 0 359 357 356 356 353 349 348 348 348 348 348 348 347 343 337 329 320 299 287 280 278 281 282 284 287 291 293 295 298 299 299 299 299 300 300 301 297 298 300 300 299 296 303 304
311 329 342 349 351 350 342 334 331 327 325 323 323 324 326 332 341 348 354 359 5 6 6 5 4 2 360 359 356 353 351 349 348 348 348 348 348 346 341 335 324 310 292 282 277 274 277 281 285 289 292 292 293 295 296 298 298 298 298 297 298 295 293 296 296 296 300 304 305
327 344 357 356 355 349 343 336 326 321 319 319 321 323 327 334 343 351 360 2 13 10 6 5 3 1 1 1 357 351 350 349 348 349 348 347 347 345 342 330 319 306 294 284 277 274 277 282 286 290 293 290 291 294 296 299 297 298 299 301 300 298 296 298 297 298 303 304 305
330 345 357 355 347 342 339 333 326 316 315 315 318 321 326 336 346 356 3 5 12 10 5 5 3 1 1 0 356 350 350 350 347 347 345 344 345 343 339 325 318 308 296 288 282 279 281 283 287 289 291 289 290 294 297 299 300 301 302 303 302 300 301 304 301 300 303 303 303
