---
BL Top Uncertainty/Variability (for +1degC) [ft] Valid 0400 PST ~Z75~(1200Z)~Z~ FRI 19 May 2017 ~Z75~[12hrFcst@1426z]~Z~
Model= RASP Region= PANOCHE Grid= d2 Reskm= 4.0 Indexs= 1 51 1 69 Proj= lambert 4000 4000 40.0000 40.0000 -73.0000 36.6487 -121.0445
Day= 2017 5 19 FRI ValidLST= 400 PST ValidZ= 1200 Fcst= 12.0 Init= 12 Param= bltopvariab Unit= ft Mult= 1 Min= 21 Max= 2016
46 43 41 39 47 96 117 131 50 43 570 546 339 153 1350 906 161 90 83 101 92 61 56 113 116 97 573 630 588 295 162 120 160 297 316 406 570 604 595 579 240 112 99 64 44 39 38 33 29 25 23
48 45 43 40 46 93 117 140 330 881 869 560 324 587 1159 703 152 87 80 168 155 64 100 202 177 146 541 597 582 291 300 60 83 272 262 352 534 603 598 445 138 110 90 56 43 40 40 37 33 30 27
49 47 44 42 44 87 115 142 341 880 872 534 275 622 913 223 175 134 168 310 198 80 200 334 266 148 122 353 569 613 562 98 128 261 261 277 424 593 600 252 117 108 84 57 47 41 40 39 37 34 31
51 48 46 44 42 66 110 139 331 874 865 496 230 587 793 421 465 459 493 479 285 254 379 381 198 69 79 149 219 618 458 73 112 227 231 166 320 577 603 252 117 113 101 90 62 43 41 41 38 36 32
53 50 48 45 43 56 103 133 286 840 706 303 149 586 558 646 745 789 783 642 551 562 507 272 109 80 118 128 165 608 479 73 58 125 150 111 258 527 605 261 119 118 112 99 63 42 40 41 39 36 34
55 52 49 47 45 51 96 128 349 632 343 147 137 679 412 377 393 590 797 820 810 692 417 117 108 563 163 128 175 611 587 321 101 99 108 85 156 419 466 147 120 120 114 94 49 39 40 42 39 35 37
57 54 51 49 46 46 88 123 351 427 112 94 656 989 600 209 105 379 754 864 843 632 249 95 388 592 253 165 179 615 624 331 349 151 96 77 98 349 270 122 121 121 115 82 42 38 41 43 41 35 36
59 56 53 51 48 45 83 128 354 447 142 102 1151 1173 786 839 152 369 731 857 754 418 117 106 626 617 287 218 276 715 717 628 669 113 78 92 104 173 149 123 122 119 102 54 38 39 41 43 42 36 32
62 58 55 52 55 67 103 149 376 496 237 236 1498 645 393 530 125 352 724 783 505 147 71 106 643 635 220 217 718 1069 890 361 612 60 57 145 173 263 142 109 103 97 62 41 38 40 42 44 44 38 29
63 60 62 73 95 111 132 222 607 438 167 655 1142 325 227 214 111 333 727 676 293 67 62 107 662 650 396 367 919 1109 812 393 631 67 52 139 313 515 247 68 62 53 45 40 40 42 43 45 45 40 31
66 73 95 113 124 145 226 674 824 519 165 1401 616 233 67 65 263 525 733 628 331 106 63 119 688 660 622 688 976 860 340 412 705 450 124 243 421 532 233 43 52 45 42 41 42 44 45 46 46 43 34
82 104 122 133 156 247 655 857 679 446 956 1797 370 206 65 63 378 586 690 627 381 142 80 372 717 674 672 790 408 335 367 525 829 809 305 384 498 508 214 34 44 44 43 44 46 47 48 48 48 46 37
103 123 135 160 250 631 826 828 473 165 1646 1095 270 195 176 131 196 447 666 598 296 107 127 684 720 723 885 867 680 556 579 771 957 1046 716 524 516 490 194 35 44 45 47 49 50 50 50 50 50 49 40
117 134 149 227 393 801 828 625 160 158 1374 597 216 187 137 94 80 206 636 470 168 65 165 639 695 811 1002 800 905 951 899 970 1098 1081 754 558 537 498 365 98 55 52 53 54 55 55 54 53 52 50 43
124 141 181 265 617 814 832 571 148 574 1428 774 244 145 200 168 79 218 497 402 170 64 161 651 717 893 948 747 594 828 1041 1121 1125 1004 881 598 557 528 495 288 56 60 60 60 60 59 57 55 52 50 46
126 147 225 386 764 825 825 704 463 1018 1528 509 147 100 281 268 77 146 345 503 247 69 138 692 780 963 913 503 282 468 909 1152 1042 923 954 747 571 562 522 263 49 69 68 66 64 61 58 55 52 49 48
126 151 230 408 770 834 779 604 469 1333 1219 183 90 148 342 324 102 93 259 655 323 107 84 481 824 1054 933 532 483 287 319 1041 692 559 795 706 583 592 553 266 45 72 72 68 65 61 58 55 52 49 49
124 154 233 424 774 841 593 245 1023 1663 343 114 96 275 421 356 408 190 282 781 474 136 60 146 882 1146 1014 979 965 565 701 682 424 285 710 853 699 628 584 422 74 64 72 69 65 62 58 55 52 49 51
119 153 233 431 774 843 92 87 2016 1679 159 86 148 431 408 221 271 339 698 867 544 168 54 112 985 1197 1126 1099 621 435 534 553 633 782 865 980 877 657 609 544 258 61 73 69 65 62 58 55 52 49 51
113 148 230 429 768 838 759 279 1943 1485 169 103 238 420 339 188 228 464 950 925 585 246 69 100 1060 1239 1170 1121 403 226 430 890 945 354 775 1018 876 653 621 568 276 76 70 69 65 62 58 55 52 48 50
105 137 225 422 757 818 792 644 1827 1365 176 151 291 328 295 465 467 801 1120 937 547 237 76 100 1056 1274 1194 1141 795 710 880 905 864 544 842 418 860 633 622 582 297 97 65 69 66 62 59 55 52 48 47
94 125 205 401 745 808 719 224 1719 1335 279 145 165 173 188 195 671 1076 1180 981 513 153 74 351 1080 1277 1189 1095 965 851 815 839 368 591 956 953 663 621 619 588 306 105 68 69 66 62 59 55 52 48 46
88 118 174 369 732 809 195 180 1550 1447 1067 206 94 91 212 316 737 1151 1215 1050 456 127 72 316 1115 1209 1104 976 839 799 840 811 203 328 815 762 594 622 621 594 449 136 76 67 66 63 59 55 52 48 49
90 110 149 247 603 796 324 270 1355 1471 1362 719 368 427 332 682 1028 1276 1281 1089 447 219 80 84 1143 1099 1042 935 820 823 869 808 298 230 631 715 598 632 630 603 562 270 81 62 66 63 59 56 52 48 50
94 96 129 226 448 768 598 339 1328 1324 1067 877 901 951 149 466 1064 1389 1381 1098 704 338 193 153 1168 1053 1069 973 872 888 895 840 746 239 406 610 613 650 643 611 457 151 86 60 66 63 59 54 46 42 38
98 89 120 203 433 685 623 762 1327 1234 1078 1063 1179 920 151 191 1004 1412 1407 1103 719 323 258 943 1193 1091 1076 1007 933 864 819 828 738 85 272 581 647 669 650 613 314 123 87 59 64 61 55 46 38 31 26
102 91 113 165 402 615 542 855 1263 1222 1176 1082 1094 253 125 230 399 1413 1407 1000 444 198 237 971 1172 1103 1022 1001 928 784 738 724 373 104 387 614 663 663 638 604 304 120 81 56 60 58 49 38 32 27 45
106 95 96 132 240 491 550 850 1246 1197 1137 1079 1091 59 69 499 1039 1462 1408 771 438 185 164 210 593 1036 953 983 958 847 703 365 72 127 404 594 637 633 614 591 289 117 77 53 56 55 44 32 27 52 356
111 99 88 121 213 367 558 903 1231 1174 1037 804 228 42 63 717 1342 1493 1356 893 616 296 163 139 479 957 919 997 999 784 281 324 173 212 428 560 608 607 598 457 156 115 77 51 51 52 42 29 24 193 491
116 103 92 115 184 279 351 985 1253 1172 928 428 80 52 67 253 1423 1459 1170 870 579 471 341 141 667 921 894 995 555 170 139 250 245 308 509 562 598 600 596 286 126 115 82 51 47 50 41 28 22 193 490
121 106 93 105 158 154 169 1141 1310 1243 1087 543 142 171 141 157 1435 1408 205 412 355 590 490 166 770 877 876 954 308 192 178 179 139 286 546 586 604 604 600 279 125 115 86 52 46 48 41 28 22 188 480
125 112 106 113 142 171 380 1229 1352 1310 1261 1003 653 784 552 638 1467 1400 119 110 353 720 468 219 907 843 459 249 192 209 670 491 92 253 562 616 621 617 464 149 123 113 84 53 45 45 42 28 21 184 483
136 130 133 139 140 176 548 1215 1399 1361 1307 1143 1054 1134 217 222 1478 1223 647 357 522 786 451 216 812 840 265 192 180 207 742 651 226 413 572 645 645 480 146 122 121 108 77 52 44 43 42 30 22 176 499
159 157 159 159 151 203 656 1355 1450 1367 1215 1037 1096 1163 586 607 1431 420 369 508 558 701 345 217 807 847 484 414 833 264 171 315 158 346 588 669 518 144 120 120 114 98 68 51 43 42 44 37 24 165 509
184 180 179 169 158 240 774 1409 1444 978 607 560 856 928 912 1294 1358 189 175 705 707 588 298 333 847 866 862 767 786 160 188 181 99 333 616 708 326 117 114 110 101 81 57 46 42 41 43 41 25 158 513
207 201 201 166 150 256 689 1292 1275 570 360 360 607 603 1043 1312 1303 132 126 840 754 557 569 679 818 881 823 719 739 297 252 179 104 338 627 738 331 110 99 93 77 56 46 42 41 41 39 38 25 124 518
228 224 229 182 152 228 667 1347 818 373 274 310 526 467 440 1290 1195 129 123 824 695 161 94 156 694 853 820 745 716 723 206 188 103 253 621 770 338 102 70 58 50 45 43 42 41 38 33 30 51 365 526
244 241 251 252 196 190 557 1050 497 272 240 295 541 407 771 1112 975 155 143 755 328 235 91 99 599 760 795 760 732 692 389 306 87 287 627 799 348 91 49 46 45 44 43 41 37 32 28 24 179 493 534
259 257 270 283 309 314 365 632 333 227 224 281 430 112 147 894 772 415 303 715 142 476 226 117 531 664 737 709 685 270 101 65 56 313 683 814 343 82 44 48 46 44 41 37 34 32 28 22 160 504 538
273 272 285 293 391 405 232 362 231 203 155 166 206 108 702 876 596 297 482 581 133 367 483 194 227 602 689 627 538 158 95 91 135 490 784 815 337 88 47 48 46 43 40 37 35 35 34 24 169 516 533
286 284 295 299 329 202 126 149 116 111 84 95 240 594 837 824 549 226 463 462 119 288 469 353 145 570 669 588 232 117 167 255 398 661 818 812 325 100 59 48 46 43 41 40 39 40 46 92 385 532 530
295 289 291 295 293 237 80 65 86 82 77 133 395 726 837 755 500 216 418 386 129 210 369 353 199 590 648 557 280 159 158 269 492 762 830 814 213 111 83 49 47 44 43 44 43 48 71 215 549 553 535
299 285 278 279 282 271 125 81 64 72 264 315 543 743 795 687 423 146 337 248 193 425 477 360 310 616 631 535 494 439 176 204 517 798 839 817 178 115 94 54 49 45 44 44 45 55 95 219 568 570 534
299 281 269 262 260 263 177 117 71 232 315 402 602 702 735 639 332 98 147 275 508 639 650 427 117 501 576 521 402 558 413 334 652 852 852 823 617 142 101 62 50 46 43 43 45 60 100 223 575 560 522
301 280 263 251 243 238 194 142 142 218 226 286 380 559 666 566 286 91 151 373 558 681 773 337 139 339 478 464 64 67 670 602 840 880 861 827 786 319 109 74 49 47 42 40 41 57 100 217 466 378 422
305 280 260 244 231 220 208 198 188 193 229 249 260 294 331 273 173 89 201 352 482 707 803 422 220 258 350 360 70 83 408 613 837 880 859 827 788 207 114 89 52 50 42 36 35 40 38 158 266 143 247
310 282 259 239 223 206 192 180 168 163 171 188 224 236 133 99 186 178 132 271 504 800 702 250 190 234 267 310 357 330 256 347 682 860 854 825 789 172 116 95 56 51 45 36 31 29 52 304 271 155 244
318 285 259 237 215 193 176 161 147 135 140 154 170 172 125 142 438 289 85 228 542 808 464 197 249 271 270 307 393 433 136 177 541 828 850 821 788 165 117 99 59 51 47 37 32 32 212 583 506 436 484
328 292 262 236 209 183 163 147 133 119 121 143 174 192 194 547 579 311 116 137 197 727 394 233 355 296 176 215 415 472 415 207 475 790 844 819 788 160 117 103 62 50 49 40 34 49 253 653 652 646 642
338 302 269 241 214 185 164 145 133 130 139 163 227 305 510 707 515 237 148 159 509 763 398 209 417 336 148 187 455 450 392 185 444 735 828 815 788 592 147 111 83 52 50 42 34 49 256 654 661 678 654
344 311 279 251 226 193 169 155 151 155 166 214 287 553 599 624 307 125 74 180 607 840 677 277 482 441 236 205 402 443 395 147 291 663 795 803 784 750 229 118 98 57 50 43 32 34 233 624 646 681 625
349 321 287 257 228 196 178 175 177 186 225 284 615 712 492 316 134 109 75 123 613 950 771 464 493 475 393 223 251 417 415 180 279 585 744 782 776 753 167 121 103 60 50 46 33 32 232 623 654 696 616
354 330 295 261 232 210 198 197 206 239 292 605 756 640 310 101 122 259 178 212 915 950 766 511 566 512 506 381 339 451 441 361 244 405 644 759 770 753 174 126 111 73 51 48 35 37 252 647 678 718 641
359 340 306 269 243 226 217 223 244 211 223 549 590 439 226 130 336 487 323 531 933 913 708 599 758 612 550 570 563 534 472 377 223 251 507 737 765 751 186 130 120 94 55 49 40 43 257 646 662 716 652
364 351 319 281 254 238 233 248 225 145 145 229 265 198 140 183 653 551 478 701 1006 862 614 632 852 700 608 638 638 565 510 428 344 179 416 713 762 747 198 134 124 104 63 52 44 43 248 636 651 708 638
369 360 333 294 265 249 248 268 272 187 107 105 101 92 99 182 693 211 438 819 1015 634 426 657 843 726 630 618 616 564 537 492 360 191 443 688 757 740 194 135 127 108 73 54 46 39 74 625 634 632 514
374 365 345 309 276 259 260 280 286 193 131 126 100 99 106 194 629 317 548 992 903 432 200 709 831 708 611 579 566 546 537 519 374 201 434 674 748 597 187 135 129 111 79 55 49 38 63 452 577 503 263
378 369 358 325 287 268 271 281 209 108 170 159 96 97 109 172 172 386 1002 1153 970 178 110 723 781 671 593 577 564 534 521 534 389 188 421 692 739 405 177 136 129 114 86 55 49 37 59 241 560 442 84
382 373 366 338 300 277 280 252 159 113 201 159 95 123 234 160 173 583 1173 1252 1126 124 117 671 702 640 583 595 608 543 501 527 388 181 392 714 607 284 167 139 130 117 96 68 49 36 34 250 578 416 117
386 377 370 352 315 286 286 199 136 114 202 161 100 193 469 196 376 898 1141 1246 1176 129 127 631 657 612 570 608 625 538 514 504 338 297 498 715 429 253 165 142 131 118 102 89 54 36 24 60 539 339 85
389 381 374 364 332 296 287 181 117 110 160 155 139 432 276 254 583 881 952 1160 1139 133 137 612 632 593 546 571 566 497 534 392 214 387 624 591 318 237 163 143 131 118 102 89 53 34 26 71 466 289 79
392 384 377 369 341 303 285 162 97 116 165 161 170 519 174 280 607 837 867 961 1008 135 146 597 594 601 540 517 501 470 506 181 212 474 676 445 257 203 159 142 132 121 108 91 52 34 35 272 433 285 350
394 384 374 363 342 308 279 171 113 120 140 138 164 481 178 269 538 788 837 863 780 175 116 405 580 577 510 477 464 503 468 159 293 613 704 438 243 181 155 142 133 125 117 104 65 39 48 277 460 281 231
389 376 363 350 337 309 278 203 127 113 117 116 174 504 183 288 541 723 799 837 497 295 183 461 595 571 603 555 528 554 418 210 380 687 710 428 233 169 152 141 134 128 122 115 99 57 44 255 477 276 106
378 365 352 339 327 305 281 239 141 105 113 117 152 207 135 267 510 641 740 793 428 334 369 229 157 151 255 296 360 607 305 303 529 728 712 417 221 162 149 141 135 129 124 120 115 90 33 204 442 240 85
369 356 342 330 317 302 281 259 174 109 101 113 125 120 91 153 376 542 627 715 594 291 185 232 314 389 505 565 532 531 306 449 655 749 719 398 197 153 141 134 130 125 123 120 116 98 102 396 420 194 90
361 348 334 321 308 296 278 262 233 149 105 113 142 116 95 147 280 406 485 572 544 206 90 152 330 510 737 876 745 129 270 543 729 751 593 264 174 141 123 119 116 115 117 118 116 108 221 574 511 242 62
355 340 327 313 300 288 273 259 255 207 118 110 153 109 117 216 301 310 353 483 370 160 68 90 189 470 550 557 409 62 237 582 737 737 423 236 159 130 103 98 99 101 106 114 117 115 133 439 577 333 117
349 334 320 307 294 281 268 255 250 235 120 102 136 103 116 227 315 307 324 399 189 128 214 133 206 461 250 128 80 68 301 605 740 595 277 195 145 118 89 81 78 82 94 107 114 106 57 188 482 355 219
