---
BL Top Wind Direction [deg] Valid 1300 PST ~Z75~(2100Z)~Z~ FRI 19 May 2017 ~Z75~[21hrFcst@1439z]~Z~
Model= RASP Region= PANOCHE Grid= d2 Reskm= 4.0 Indexs= 1 51 1 69 Proj= lambert 4000 4000 40.0000 40.0000 -73.0000 36.6487 -121.0445
Day= 2017 5 19 FRI ValidLST= 1300 PST ValidZ= 2100 Fcst= 21.0 Init= 12 Param= bltopwinddir Unit= deg Mult= 1 Min= 0 Max= 360
328 325 322 320 320 319 314 307 292 290 255 358 13 21 24 25 23 22 26 28 32 33 36 36 35 34 33 30 23 17 8 359 345 327 322 324 328 326 323 318 318 321 327 331 319 298 300 296 299 304 311
323 320 319 316 312 308 305 301 288 279 270 306 18 18 21 22 20 19 23 26 30 31 33 33 33 32 31 28 20 15 7 354 344 327 323 322 325 327 323 317 318 320 326 326 317 303 301 294 297 303 310
321 318 317 312 307 302 299 295 287 278 272 272 359 17 20 20 18 17 19 24 28 30 31 32 32 31 29 25 18 11 2 349 338 329 325 323 321 321 324 319 320 321 324 322 316 307 302 296 296 301 308
320 317 315 309 303 298 300 301 297 282 265 261 0 20 23 22 17 13 15 22 27 31 33 34 33 31 28 24 18 9 359 346 332 330 325 322 319 318 322 324 324 325 322 319 313 314 299 297 295 300 307
318 315 314 304 296 292 295 315 325 275 256 329 27 28 25 23 19 13 13 22 28 34 36 36 34 31 29 26 20 12 1 359 312 315 313 313 315 321 323 326 323 327 322 326 310 318 296 300 295 299 307
316 314 313 304 298 296 287 271 271 253 259 10 19 22 21 19 16 11 16 23 34 37 36 34 32 30 28 26 20 13 1 354 325 317 309 312 313 320 330 323 327 326 328 322 317 313 293 300 294 299 307
314 312 312 303 296 292 281 261 254 247 248 21 20 21 22 19 15 12 19 21 36 36 36 34 31 29 28 25 18 9 351 323 320 312 309 307 310 321 326 323 325 325 329 319 320 312 287 294 294 298 304
313 311 311 302 295 291 269 257 265 242 327 22 20 22 24 20 17 19 20 25 39 38 38 36 33 30 29 24 16 5 331 334 312 309 308 309 310 308 322 323 323 324 326 314 315 293 292 295 295 298 304
313 312 311 301 292 281 243 267 286 240 311 22 20 24 26 23 20 18 21 31 41 41 41 39 36 32 31 27 19 9 303 306 307 309 310 312 313 311 311 312 319 323 320 302 285 294 301 298 296 301 306
314 312 310 300 289 263 204 247 210 237 3 16 21 25 26 23 20 15 25 37 42 43 44 42 38 35 33 32 25 8 298 305 305 313 314 308 307 309 310 312 312 321 319 322 291 294 306 301 300 303 309
314 312 310 301 288 232 248 240 245 226 14 18 21 21 21 18 14 12 25 37 42 44 44 42 39 36 33 29 30 289 315 306 309 313 318 310 309 309 305 312 312 316 320 322 302 298 304 306 300 305 310
313 312 310 305 297 276 293 229 233 301 23 21 22 19 17 14 10 10 24 39 44 44 43 42 40 38 32 26 15 332 317 310 309 313 312 311 309 308 308 314 313 318 317 321 317 301 298 302 301 306 311
312 312 311 313 328 341 305 226 234 33 27 22 22 21 20 11 13 9 23 41 46 44 44 43 43 40 36 30 357 350 311 304 306 314 310 311 311 309 309 307 311 311 309 317 301 301 299 301 301 304 307
311 312 312 318 342 348 317 201 27 30 25 21 19 22 22 19 14 12 23 41 48 45 43 41 40 39 37 26 358 338 309 295 293 302 303 303 311 310 315 307 312 310 310 318 306 303 304 302 300 301 303
311 313 314 322 348 354 321 167 32 29 26 21 18 20 16 18 12 12 26 45 49 45 42 39 37 34 27 14 355 319 309 298 289 294 299 288 299 308 305 308 312 313 308 292 300 299 298 298 296 296 296
311 314 316 325 351 359 324 158 37 33 29 25 21 17 18 18 14 12 29 47 47 44 42 38 35 30 22 11 351 317 302 295 289 288 287 295 299 304 303 305 302 298 309 302 301 293 294 290 284 282 282
312 316 319 327 354 3 322 119 42 36 30 23 22 14 20 19 16 8 32 47 46 44 41 38 34 29 23 15 348 310 294 293 294 290 286 294 297 298 298 306 305 301 308 298 291 291 289 285 280 278 277
313 318 321 329 356 9 323 67 40 35 23 20 15 14 19 20 18 16 36 47 46 44 40 38 34 30 26 19 346 311 319 310 306 298 285 290 293 295 296 299 303 303 305 288 292 289 291 287 283 282 281
314 320 323 332 0 9 257 18 38 31 21 17 4 9 15 18 6 22 40 46 45 44 41 39 35 31 26 16 348 331 333 329 310 283 276 286 289 294 296 302 302 305 304 289 289 290 289 288 286 285 285
315 322 325 336 7 309 156 39 42 33 19 13 3 6 13 12 6 20 43 45 43 43 42 39 35 30 22 9 351 342 341 325 277 266 273 283 286 292 295 299 301 305 295 293 290 289 289 288 286 286 285
317 324 326 337 18 319 185 44 44 29 17 7 359 4 10 3 7 22 43 43 43 42 41 39 36 32 25 14 355 353 332 270 261 270 278 283 288 294 296 300 301 304 295 289 290 288 289 288 287 286 284
318 327 327 338 34 29 320 45 42 27 12 4 356 360 357 355 6 24 40 42 42 42 40 39 40 42 40 31 15 347 258 259 270 276 279 285 291 293 298 302 301 298 290 295 294 290 287 288 288 287 285
319 327 328 340 53 57 167 28 50 31 14 355 354 352 345 351 4 24 40 41 41 42 41 41 40 46 55 59 53 357 263 286 281 279 293 293 297 302 305 307 298 302 294 295 291 291 289 289 290 290 285
319 328 329 346 63 66 143 321 48 29 15 353 347 334 336 349 5 25 40 41 41 41 41 40 42 48 55 47 49 4 321 309 295 288 295 298 301 306 308 309 307 303 299 301 297 295 291 291 291 291 287
319 328 328 342 60 71 176 327 46 17 12 356 333 314 334 351 7 26 40 40 38 39 40 41 42 33 31 24 6 341 331 340 312 292 304 302 306 309 312 312 313 300 304 305 299 295 292 292 292 297 293
319 327 327 345 55 120 332 39 31 15 15 1 305 313 334 353 9 29 38 37 39 40 41 41 40 29 24 12 340 353 347 326 309 298 306 307 311 315 310 314 314 307 305 301 304 299 294 294 294 294 292
318 326 326 348 27 316 339 33 46 28 20 351 276 322 332 349 6 28 34 37 39 40 40 38 34 29 21 344 347 351 340 321 302 310 303 309 316 319 312 315 303 307 300 303 301 300 298 296 297 297 296
318 323 322 346 7 330 353 32 51 50 54 226 314 316 326 341 358 23 32 34 36 36 36 35 32 28 23 352 352 337 330 320 309 310 306 309 309 311 312 316 305 310 306 308 307 304 301 301 300 301 300
316 320 318 335 353 331 339 35 34 25 352 342 325 316 322 325 352 16 26 25 28 30 31 31 29 27 21 2 355 334 321 317 307 313 306 312 310 315 314 317 301 308 301 303 304 308 308 304 303 304 305
315 318 315 324 336 311 339 40 26 355 322 331 324 332 326 317 359 23 22 18 20 23 25 27 27 26 19 0 350 345 324 308 296 310 309 309 308 313 316 318 300 306 304 309 312 314 313 305 307 308 308
314 316 313 316 317 274 351 41 35 15 328 334 350 344 315 333 8 28 27 22 18 21 24 27 28 28 6 3 358 5 338 306 293 304 308 313 311 317 320 322 300 305 304 308 308 310 313 307 309 311 313
313 317 316 311 301 322 16 42 56 30 318 326 354 350 321 359 13 28 29 28 25 25 27 31 33 37 22 355 356 5 354 315 295 305 308 309 313 316 320 317 301 308 307 308 310 313 317 313 313 316 319
315 319 317 306 280 334 20 46 69 111 143 217 15 355 342 0 7 23 29 26 27 28 29 39 55 48 32 13 347 340 342 323 314 309 311 314 315 315 315 308 300 308 302 306 306 309 317 317 319 322 327
319 321 318 307 298 6 34 56 77 139 119 84 25 1 310 345 334 11 29 28 27 27 30 42 52 55 46 24 350 318 330 321 314 314 312 315 319 315 313 310 302 307 305 308 309 313 320 322 324 329 336
321 323 319 307 287 360 41 60 71 123 109 47 24 356 289 299 317 360 26 30 29 28 29 45 65 58 53 40 5 335 323 318 320 318 317 316 314 311 310 309 305 306 307 304 308 312 321 325 330 336 344
323 324 321 314 283 355 42 59 64 166 82 37 21 5 282 312 315 354 22 27 26 26 29 38 53 45 41 35 20 347 324 318 319 322 321 318 316 308 310 308 311 308 306 304 305 314 317 325 333 344 354
324 325 322 335 328 324 40 51 52 82 32 23 17 9 283 297 309 340 18 22 22 19 19 28 48 39 32 27 19 354 338 330 325 326 322 317 312 309 312 308 309 306 302 305 310 316 319 323 333 349 4
325 325 319 321 224 304 25 48 51 24 330 336 352 341 294 303 309 325 18 16 17 13 13 26 36 35 28 22 12 349 337 333 329 326 324 319 316 310 312 309 311 306 304 304 307 309 318 324 332 348 5
325 326 318 313 195 261 347 26 29 318 301 304 309 299 294 298 306 319 21 13 13 6 10 17 31 31 24 17 8 348 338 334 330 326 325 320 321 312 313 309 311 307 305 306 312 314 318 326 335 348 5
323 323 318 295 179 200 260 315 334 310 299 298 293 287 292 296 303 314 15 12 11 358 1 10 28 34 24 12 6 347 337 332 335 325 324 322 323 313 314 311 314 308 307 308 312 319 324 329 335 348 8
320 321 320 306 171 181 247 271 286 265 271 276 275 276 283 293 298 305 344 3 8 353 340 359 17 27 24 10 4 346 342 335 335 326 322 325 324 316 315 314 315 311 312 314 315 320 327 331 336 348 9
318 319 324 355 48 180 221 249 252 277 269 275 276 279 285 292 291 297 317 341 355 332 319 343 3 18 23 12 5 355 347 340 335 327 324 325 317 318 317 317 313 313 309 313 320 326 331 332 336 348 10
317 319 325 358 22 285 201 253 266 294 272 267 272 285 284 287 279 281 295 323 322 308 314 330 349 9 18 15 7 1 354 347 337 330 325 329 318 320 318 318 308 314 313 316 321 326 329 331 336 349 13
315 317 321 338 346 253 220 244 249 252 248 261 268 279 278 275 267 269 288 298 304 306 314 322 329 352 3 12 5 357 354 349 337 329 325 325 319 320 314 314 317 309 310 317 323 325 330 329 337 351 13
313 314 314 315 302 265 242 234 236 243 238 233 261 267 270 268 260 266 273 281 289 304 313 314 311 335 350 1 358 264 346 342 331 325 324 321 324 320 310 314 311 307 298 299 307 318 326 330 339 355 21
311 310 308 304 292 276 258 247 245 246 244 234 236 260 266 262 258 263 268 275 286 305 319 317 326 339 344 359 358 352 346 330 323 315 319 321 317 310 312 302 294 291 295 302 312 322 329 333 342 360 27
310 308 306 300 293 283 271 262 255 253 246 246 227 254 254 255 258 261 261 264 290 321 258 243 330 332 341 358 360 351 343 327 319 310 309 316 311 310 308 296 297 298 300 305 310 320 323 332 343 2 29
310 308 305 300 294 287 279 271 266 260 255 251 234 247 245 248 260 265 248 263 309 322 335 332 341 341 346 355 357 350 341 323 316 308 303 304 299 299 299 299 298 298 299 302 311 317 324 329 345 7 33
310 308 305 301 297 290 284 278 272 266 261 253 243 229 245 249 262 269 274 312 324 336 348 359 356 352 351 351 348 348 331 313 304 305 300 302 302 301 306 308 302 301 303 306 314 321 327 335 347 4 33
310 308 306 303 298 292 287 282 276 270 263 253 241 224 243 251 262 266 277 333 331 341 357 4 4 359 355 352 345 341 314 293 289 300 300 301 300 303 305 307 304 303 306 311 309 318 330 338 351 10 39
311 309 307 305 301 295 290 283 279 273 262 248 231 209 243 266 268 273 297 332 328 348 0 10 10 5 357 349 338 330 305 291 291 300 300 302 302 301 306 309 311 310 304 303 16 308 323 341 360 21 47
311 310 308 306 303 296 292 285 283 274 255 236 214 210 258 277 286 295 339 330 329 342 358 13 12 7 356 346 332 320 301 291 293 298 300 303 305 304 307 309 315 315 309 312 311 322 332 348 349 32 57
312 311 310 307 303 298 293 288 286 271 259 262 257 253 282 298 322 351 340 341 334 349 6 11 10 10 355 342 326 310 296 293 296 299 300 304 302 304 309 309 315 314 316 316 316 323 331 351 11 34 57
312 311 311 308 304 300 295 293 289 273 268 272 270 272 301 324 12 1 348 344 347 6 14 13 18 18 7 342 321 297 291 289 295 297 302 304 302 305 310 311 314 316 316 318 318 324 332 352 13 34 55
315 312 312 309 305 302 300 297 288 278 276 278 290 298 317 345 16 12 339 346 359 15 20 20 33 32 21 2 309 284 288 288 294 298 304 303 303 306 313 314 315 316 316 319 322 327 333 350 13 33 54
314 314 313 310 307 305 304 302 279 287 281 320 325 326 332 8 18 20 351 353 356 7 23 34 42 40 40 25 296 291 290 289 293 300 314 304 307 310 314 316 314 316 315 319 324 331 338 356 16 35 51
316 315 314 312 310 309 309 308 290 284 312 346 342 343 353 10 18 16 12 12 349 10 29 45 48 47 34 25 331 299 299 294 295 302 308 307 306 310 315 321 319 313 311 311 312 320 341 3 22 37 49
317 316 315 314 312 312 312 309 297 290 358 1 5 358 348 10 4 18 9 354 357 11 28 44 48 48 47 25 357 302 302 304 303 306 312 311 307 312 315 317 318 316 313 314 316 324 337 8 28 42 50
317 317 315 315 314 314 312 308 299 300 25 17 18 11 9 331 299 265 341 351 7 9 26 41 45 41 31 22 351 328 315 317 317 316 309 314 305 310 313 317 314 317 315 317 313 325 338 7 33 46 53
318 317 316 316 316 315 310 304 302 311 39 49 40 21 17 234 228 235 264 337 17 19 30 42 43 40 38 22 8 343 327 320 325 325 321 315 304 306 308 316 312 315 311 306 305 307 341 10 37 50 55
317 317 316 317 318 315 309 299 312 321 48 58 61 70 151 200 218 225 236 313 21 31 37 44 43 37 27 15 3 348 332 326 326 326 319 311 300 303 308 311 311 312 311 308 305 306 320 13 42 53 56
321 317 318 319 319 315 307 296 339 346 37 68 77 88 153 196 217 227 236 293 18 41 39 40 35 28 22 12 4 352 336 331 328 326 312 296 298 301 308 309 309 310 306 303 304 308 313 6 49 58 58
318 318 320 320 319 312 309 325 352 360 341 111 134 132 182 196 221 234 266 252 18 37 35 31 29 24 17 8 1 352 337 335 331 318 306 294 298 302 305 309 312 313 307 306 307 313 304 351 66 69 63
319 320 321 321 318 310 309 305 347 13 335 308 228 211 194 213 229 245 331 230 336 38 38 29 23 15 11 4 356 354 339 335 326 320 303 294 298 299 304 313 319 321 304 304 309 303 304 358 78 79 71
319 319 321 320 318 310 302 295 345 4 352 318 301 273 256 248 255 262 323 223 37 53 39 21 10 5 3 357 357 349 332 337 315 309 298 293 296 301 305 309 312 310 313 313 307 302 306 59 93 85 81
319 318 319 319 319 315 310 305 303 317 325 318 312 303 295 288 295 298 285 282 286 325 359 11 359 351 352 350 351 345 338 326 311 296 295 297 300 303 306 308 308 309 311 313 311 313 326 96 103 87 83
319 318 316 317 324 331 327 315 302 291 322 314 313 312 299 329 325 317 303 298 294 294 315 323 349 345 351 357 354 347 329 305 298 298 299 300 303 305 307 310 310 311 310 307 304 301 324 106 106 92 87
320 318 314 317 326 329 326 316 297 278 321 317 318 321 287 326 305 289 307 297 297 306 321 325 346 343 352 357 356 348 317 288 295 300 302 302 303 305 307 309 309 311 312 309 307 306 324 87 104 102 92
320 318 314 315 325 328 324 315 279 279 324 333 323 315 310 302 293 276 262 294 303 314 335 342 344 337 348 353 354 346 308 284 294 300 302 303 304 306 307 309 310 312 314 312 310 312 325 53 100 101 95
