---
BL Top Uncertainty/Variability (for +1degC) [ft] Valid 0700 PST ~Z75~(1500Z)~Z~ FRI 19 May 2017 ~Z75~[15hrFcst@1429z]~Z~
Model= RASP Region= PANOCHE Grid= d2 Reskm= 4.0 Indexs= 1 51 1 69 Proj= lambert 4000 4000 40.0000 40.0000 -73.0000 36.6487 -121.0445
Day= 2017 5 19 FRI ValidLST= 700 PST ValidZ= 1500 Fcst= 15.0 Init= 12 Param= bltopvariab Unit= ft Mult= 1 Min= 22 Max= 2528
37 35 36 47 56 64 60 69 94 216 285 124 159 207 200 177 156 165 194 188 196 172 177 202 266 356 508 570 683 721 708 632 534 474 362 262 187 161 140 140 139 138 137 136 135 131 137 156 178 197 210
38 34 35 43 50 60 67 81 108 212 271 130 166 195 187 169 160 161 165 161 165 161 161 169 287 399 534 609 646 683 695 664 595 529 383 269 187 161 138 135 132 131 133 132 131 128 135 158 177 199 220
40 36 35 39 43 49 56 74 97 179 260 135 160 168 155 157 149 145 148 142 147 153 158 189 305 430 536 584 630 647 680 670 624 560 415 290 202 164 146 135 132 127 128 128 127 128 134 148 176 200 223
44 38 35 36 36 37 40 56 66 110 244 145 148 150 138 132 139 133 131 125 135 151 217 286 370 465 544 579 602 610 636 622 581 522 427 327 242 191 164 142 132 126 125 125 127 131 135 147 177 201 220
46 39 36 33 29 27 26 49 70 122 163 150 133 121 118 117 130 116 98 110 125 169 253 329 446 524 552 554 562 582 606 604 600 574 511 386 268 197 159 139 129 123 121 127 127 135 130 147 177 199 217
48 40 37 33 30 29 28 25 76 158 190 173 193 145 123 115 112 103 110 102 125 226 301 421 485 501 503 535 541 562 592 609 636 619 569 411 274 176 157 137 130 127 129 125 126 131 126 148 176 196 212
51 42 37 34 32 29 30 22 53 231 256 242 251 212 191 178 151 130 105 118 123 260 422 477 492 485 484 532 539 541 569 604 631 611 573 416 241 176 161 140 131 130 126 122 125 140 127 142 172 190 205
52 44 38 34 34 32 32 23 70 284 293 278 277 242 242 223 194 167 119 119 126 268 543 494 497 475 499 553 535 497 526 586 639 625 604 423 233 193 163 146 132 128 127 124 128 123 140 142 169 186 203
52 44 39 35 37 33 32 23 40 352 311 289 243 243 246 229 190 154 123 100 119 322 584 503 485 466 557 598 489 456 530 644 667 719 651 409 259 169 170 167 136 124 123 124 118 115 132 138 164 182 204
51 45 40 37 40 37 38 24 44 386 295 282 241 189 167 173 172 140 135 119 144 303 632 538 471 459 573 759 710 528 582 698 752 811 811 448 272 155 159 154 158 123 119 120 120 134 128 139 155 180 202
51 46 42 40 45 44 47 31 98 362 350 285 261 186 157 117 140 156 143 136 114 233 666 632 455 472 659 860 1060 678 628 732 710 614 693 624 238 137 122 151 153 148 118 117 140 135 130 146 156 176 198
52 48 45 44 49 50 50 40 202 356 338 362 289 175 173 144 153 123 149 144 105 214 952 896 475 527 666 543 803 651 681 690 675 500 403 286 175 139 119 142 149 143 118 116 126 124 128 138 153 172 198
56 52 50 49 51 50 51 172 524 2528 344 361 276 240 161 138 165 162 150 153 129 200 1116 1607 502 570 603 702 633 641 752 787 685 354 235 173 151 143 131 119 139 147 125 116 114 126 136 141 155 174 198
59 55 53 52 46 44 58 363 412 339 302 305 227 229 156 126 121 165 171 157 135 242 497 987 922 1055 862 742 591 708 765 740 378 239 281 221 180 153 141 109 121 137 138 117 111 121 133 144 156 174 199
63 59 56 52 42 42 66 1159 319 305 320 310 211 217 177 125 118 195 178 151 176 314 606 1054 1402 1410 881 567 618 768 912 750 358 432 653 221 174 154 175 139 136 121 141 131 119 123 136 146 157 175 207
66 61 57 50 40 43 78 363 317 314 363 311 212 206 176 149 150 184 164 168 163 310 1135 1435 1431 1600 630 544 703 785 775 770 631 685 559 205 149 147 162 147 139 143 138 139 117 123 137 147 160 186 209
70 64 58 46 34 42 86 291 239 258 272 216 174 147 175 153 155 209 222 211 187 200 679 1636 1727 1421 516 567 654 729 845 993 911 810 443 202 155 160 164 161 131 136 136 134 132 125 136 151 169 186 199
74 70 59 45 31 40 77 311 286 259 271 232 212 172 182 142 155 226 238 217 199 194 386 1336 753 1329 534 623 667 733 839 860 768 642 448 232 170 161 159 141 132 144 130 143 142 139 144 161 172 183 188
78 71 63 48 34 37 72 388 350 321 292 276 248 169 159 132 148 261 236 216 232 219 226 752 674 1281 688 749 740 826 858 698 620 601 522 236 173 169 168 150 142 147 124 145 147 148 154 166 172 177 177
85 76 67 53 39 49 172 420 382 389 328 302 244 151 155 165 251 264 240 211 246 251 257 614 719 1156 1020 808 775 804 712 553 572 699 370 206 185 168 163 161 150 148 141 143 148 151 159 167 172 177 177
95 86 75 59 45 49 300 459 494 425 371 324 146 150 140 172 267 264 228 219 248 275 290 566 678 927 981 841 730 661 584 606 644 503 240 204 201 170 152 159 154 146 141 146 149 152 154 163 171 179 183
106 105 87 67 53 42 65 597 601 472 414 311 202 181 189 262 278 269 266 234 273 297 299 526 660 611 918 823 729 683 618 614 568 311 239 222 201 169 159 151 154 152 149 137 141 150 154 153 146 165 186
117 123 114 76 58 42 56 613 618 556 611 348 228 245 282 280 263 266 274 287 279 293 288 540 761 624 661 730 708 770 651 571 416 315 225 190 202 178 142 146 157 154 150 138 145 151 150 137 139 149 182
125 135 134 79 49 39 60 483 653 592 529 435 333 333 325 264 276 284 253 286 254 304 288 544 829 656 685 723 732 759 759 535 414 392 257 205 190 162 154 146 161 158 153 142 143 142 147 134 136 146 176
129 141 146 91 62 48 55 801 629 594 575 598 626 736 312 249 253 287 269 268 330 346 306 566 814 714 794 821 793 747 740 593 519 469 284 227 193 165 165 157 149 160 155 131 142 138 142 132 135 145 176
132 142 150 115 155 69 862 2087 670 486 574 604 774 914 388 234 214 255 258 265 281 347 323 575 876 743 829 1005 903 780 739 686 576 338 245 209 184 187 175 170 156 164 149 131 130 133 136 133 137 147 178
132 143 148 120 141 99 880 1546 1012 584 656 808 880 962 359 251 196 247 260 312 284 294 294 432 712 757 832 1090 892 599 626 644 426 296 218 192 175 177 196 179 164 167 158 142 128 128 131 136 141 153 182
132 140 139 115 104 83 1012 1676 1066 941 1141 972 882 735 326 313 265 259 253 287 273 327 295 406 657 657 891 1049 768 668 643 448 409 280 210 198 197 203 203 183 182 171 158 134 131 131 134 141 147 161 189
136 135 136 113 75 58 1000 1266 610 622 831 797 720 610 511 359 310 283 357 457 409 383 341 406 658 611 746 782 677 541 446 402 454 222 199 194 195 206 206 192 187 176 167 148 134 138 141 148 156 173 202
142 135 135 113 71 55 344 900 517 409 491 666 548 453 470 272 300 338 556 460 364 336 299 413 622 597 765 754 600 472 473 525 369 259 194 197 193 197 201 197 185 183 173 152 142 143 147 158 169 189 223
157 145 141 109 83 71 1383 1383 751 664 706 660 620 474 513 265 303 426 493 352 295 240 304 384 535 646 811 623 403 361 468 416 242 198 197 202 207 200 202 173 175 180 176 162 150 150 155 170 186 212 255
182 169 170 92 67 436 980 1473 1128 1033 979 815 571 446 452 315 308 511 339 288 301 214 311 410 536 796 751 463 375 366 483 370 336 237 230 233 222 210 199 174 162 177 177 171 156 159 168 186 206 239 289
222 207 191 93 63 356 1129 1380 1213 1065 998 1007 487 597 362 300 321 402 273 290 261 180 262 447 622 886 771 500 411 381 535 400 374 284 237 230 218 200 177 160 150 168 167 174 180 173 180 202 228 269 325
241 240 209 175 296 584 1127 1539 1201 1076 1069 982 644 1075 272 361 370 308 284 279 292 206 237 496 783 918 749 656 583 535 504 407 354 258 213 210 207 187 163 142 138 155 154 172 183 192 203 223 259 305 369
251 245 243 160 207 578 1145 1494 1242 1107 952 766 870 648 267 406 433 349 331 284 342 245 201 446 764 886 795 574 415 434 435 421 316 199 196 182 205 183 158 135 124 145 151 163 182 196 210 238 279 330 406
255 246 236 152 259 526 1007 1372 1255 1038 785 656 773 243 273 454 535 358 301 299 506 369 178 432 642 675 889 676 389 400 395 284 249 220 209 191 204 174 144 132 133 138 148 152 170 189 192 241 289 346 430
255 241 225 136 75 440 813 1198 1073 668 384 476 534 214 253 457 530 324 273 294 642 676 354 425 584 746 818 596 405 349 385 357 255 226 201 193 202 173 139 129 133 134 139 154 166 179 170 231 283 347 436
258 239 204 131 86 346 663 918 748 401 247 390 468 231 239 225 424 313 261 301 596 372 396 415 596 794 631 513 364 318 333 371 290 239 207 201 206 176 141 131 133 133 135 149 162 159 155 221 279 349 445
263 239 191 122 108 287 552 711 456 349 348 361 379 275 195 131 260 334 210 321 629 302 387 431 467 763 626 458 354 345 437 430 314 254 201 206 214 186 150 135 136 135 136 148 160 145 146 218 290 359 450
275 242 185 111 80 167 275 446 525 368 237 371 276 196 125 116 235 313 219 396 375 316 421 412 350 747 511 439 574 369 472 374 249 233 202 207 203 197 161 139 139 136 137 150 164 157 152 230 293 366 457
282 242 179 95 48 87 224 246 200 185 203 146 135 117 98 144 265 339 254 469 283 293 384 384 321 633 411 403 476 546 540 336 233 209 189 206 208 199 166 139 136 137 147 159 159 149 181 235 305 380 466
285 242 180 99 46 55 83 155 126 73 115 104 105 122 145 138 247 323 334 403 247 192 177 371 398 632 331 301 411 436 317 270 220 223 176 171 221 202 165 138 137 137 144 164 166 153 190 241 318 403 491
279 241 190 132 86 58 61 109 84 73 84 94 101 99 105 145 228 371 350 309 136 120 121 258 454 512 315 298 391 329 236 240 252 232 191 196 202 196 162 135 117 136 139 158 155 181 194 251 339 441 545
282 247 210 167 146 119 90 77 91 136 109 116 79 107 117 160 253 251 309 153 130 127 129 184 378 436 343 301 329 240 200 228 225 216 198 225 196 188 161 123 118 124 137 163 187 137 195 255 360 482 572
278 265 235 199 197 156 128 116 119 131 134 92 88 102 126 185 255 229 143 132 173 149 146 237 265 430 340 285 277 343 197 231 238 197 163 222 220 189 129 122 123 117 113 123 135 141 175 256 376 521 625
298 279 257 234 233 193 155 138 131 126 117 87 54 113 152 181 200 148 125 154 144 147 180 373 299 267 262 278 230 291 277 222 221 194 144 199 222 156 123 104 95 99 108 117 131 155 166 248 371 541 699
232 293 270 249 247 224 181 151 131 115 94 70 60 130 163 179 178 150 154 165 154 133 174 106 261 144 145 209 360 384 321 238 237 242 147 173 222 155 154 94 91 96 105 116 130 152 143 228 344 531 719
234 287 281 248 251 229 197 161 134 113 95 72 52 52 148 161 185 223 82 156 185 146 227 287 263 221 194 192 376 290 270 236 247 237 145 153 177 143 110 93 90 97 101 111 132 138 139 172 292 494 719
234 244 261 251 257 236 203 163 137 118 101 80 63 59 135 156 180 210 189 179 178 140 212 271 318 390 323 207 216 192 233 238 248 244 151 133 163 142 110 95 93 97 100 116 125 132 148 183 285 490 685
235 224 241 246 240 236 208 167 139 124 108 88 80 77 146 131 178 246 175 172 186 137 172 274 388 464 341 210 203 191 240 285 277 245 171 126 142 139 127 98 93 97 102 118 139 130 142 184 333 463 641
234 224 231 209 187 223 203 168 143 121 110 106 100 102 120 145 222 265 162 191 204 142 192 316 305 245 302 239 243 217 242 277 300 255 186 122 128 143 133 101 93 96 107 115 37 134 132 168 284 454 601
232 223 238 222 183 213 184 163 141 126 128 130 93 115 137 171 206 252 163 202 220 160 226 332 185 209 346 372 293 244 248 279 299 260 222 127 122 125 129 117 95 99 108 113 130 125 130 165 316 449 580
231 222 236 230 208 194 153 153 142 129 100 101 150 126 153 170 191 300 186 197 227 183 190 368 386 251 311 320 337 293 288 292 273 285 252 141 118 120 131 109 105 108 115 116 118 122 129 162 273 444 573
229 221 235 227 210 179 126 141 130 99 121 141 135 134 142 191 294 384 200 212 226 207 187 457 531 253 181 446 565 418 322 284 268 253 251 182 114 119 123 111 110 113 117 123 121 120 125 156 276 446 565
228 220 226 226 214 171 111 121 97 126 169 196 178 152 152 220 506 329 205 222 228 211 203 555 794 245 129 215 612 454 346 276 270 256 244 204 116 114 119 118 115 115 117 121 125 118 120 154 277 420 559
226 218 215 226 220 168 107 90 76 121 188 206 223 204 152 244 576 272 218 213 207 193 203 763 1082 287 122 151 286 498 424 290 248 267 218 212 121 111 123 117 112 116 117 118 121 115 117 153 270 413 549
224 216 210 228 227 169 110 70 122 119 182 205 205 200 149 276 300 246 442 254 167 179 269 937 1074 331 151 144 197 637 684 377 247 262 230 210 121 111 125 111 104 112 114 114 115 108 111 154 267 407 540
220 214 207 230 228 171 110 56 127 105 220 126 161 179 179 222 193 321 451 417 276 205 313 870 660 318 197 201 720 558 359 323 282 222 228 203 123 115 138 117 105 113 113 113 110 106 113 159 266 398 528
220 212 206 227 226 175 114 54 120 133 286 110 151 157 214 184 345 352 286 132 246 227 273 712 426 185 193 706 425 296 260 255 277 210 237 179 120 118 151 126 113 112 110 109 108 108 125 170 269 403 516
225 210 205 229 191 177 121 59 126 154 168 94 151 254 231 263 449 277 117 100 181 229 280 486 405 183 158 317 284 274 240 229 254 203 213 159 116 119 135 120 113 110 106 103 107 114 149 183 272 396 500
233 209 203 216 169 179 127 55 133 164 169 96 298 370 216 340 377 146 108 128 196 193 317 715 491 265 196 298 288 285 284 283 261 202 204 159 117 118 118 111 108 108 103 108 112 125 171 199 286 388 471
267 209 203 200 165 182 132 71 121 146 272 127 158 180 216 335 275 117 162 139 189 197 423 622 312 328 288 285 293 296 301 300 269 215 200 151 120 117 115 106 103 104 101 112 117 139 199 210 284 366 355
279 213 210 199 163 186 139 106 100 179 201 137 133 156 198 311 277 147 133 188 197 246 486 520 363 349 326 304 301 290 336 246 252 212 201 138 120 120 114 103 100 100 99 112 125 168 215 215 261 332 343
262 219 211 199 182 184 130 67 121 202 154 122 129 119 147 249 278 156 39 182 187 388 353 404 451 368 349 308 301 306 340 288 253 238 215 155 133 124 108 102 105 105 104 112 117 148 202 207 234 288 281
249 225 209 202 224 190 138 80 177 161 122 94 93 107 112 188 196 157 34 196 319 307 341 387 371 371 353 316 283 284 288 274 248 205 205 133 124 124 109 100 104 102 95 97 119 144 198 201 217 239 232
294 240 218 210 244 236 223 188 176 119 111 107 117 119 131 193 227 202 197 203 316 223 230 252 284 317 334 357 318 300 289 276 264 262 245 206 169 143 120 113 108 106 105 109 120 146 173 187 199 219 193
345 264 230 223 231 265 254 234 200 178 104 111 139 136 208 165 113 138 129 201 197 198 201 204 235 277 346 386 399 347 311 289 274 245 235 217 201 178 150 136 114 108 107 111 128 148 166 175 165 178 146
348 289 239 233 221 229 227 244 224 196 103 102 150 127 188 103 182 197 122 175 191 174 176 174 200 235 289 380 426 355 299 279 260 231 210 206 201 192 173 138 118 111 108 111 120 150 164 169 151 167 109
346 319 241 236 224 242 193 213 235 136 102 104 115 116 139 243 191 197 121 157 159 164 160 149 146 166 214 310 421 325 275 258 244 217 202 204 204 198 178 143 120 112 108 111 123 149 161 162 137 110 100
