---
BL Top Uncertainty/Variability (for +1degC) [ft] Valid 1600 PST ~Z75~(0000Z)~Z~ FRI 19 May 2017 ~Z75~[24hrFcst@1443z]~Z~
Model= RASP Region= PANOCHE Grid= d2 Reskm= 4.0 Indexs= 1 51 1 69 Proj= lambert 4000 4000 40.0000 40.0000 -73.0000 36.6487 -121.0445
Day= 2017 5 19 FRI ValidLST= 1600 PST ValidZ= 000 Fcst= 24.0 Init= 12 Param= bltopvariab Unit= ft Mult= 1 Min= 26 Max= 3828
102 98 93 92 91 89 84 97 134 232 694 735 584 477 426 450 507 633 820 806 928 1130 1209 1533 1768 1485 743 360 199 255 236 208 241 292 340 378 381 378 354 319 300 298 345 329 366 410 450 441 402 400 396
107 103 98 90 89 90 88 99 127 268 524 871 565 473 443 476 501 633 837 817 863 1036 1130 1409 1966 1755 865 179 207 251 220 231 279 312 362 394 389 384 365 341 324 374 360 338 405 394 427 421 408 405 404
110 107 100 88 86 89 87 96 115 191 287 1014 558 472 450 497 536 657 853 821 836 956 1104 1448 2109 1760 579 191 219 256 262 283 340 373 427 449 468 445 387 392 406 407 360 346 428 388 438 422 429 421 417
111 109 100 82 81 81 89 93 83 93 212 983 530 446 436 495 592 675 831 808 797 880 1194 1687 2317 1680 398 220 251 241 267 266 296 359 423 491 542 531 473 464 438 407 344 388 394 368 474 446 450 431 418
114 113 101 78 77 82 88 89 41 34 1365 441 353 358 346 395 524 692 789 726 699 850 1216 1779 2712 1575 230 231 209 141 171 225 259 345 430 472 520 586 530 523 478 385 258 339 319 328 419 462 452 426 410
118 116 102 77 72 73 88 93 30 302 760 397 347 322 352 432 536 699 772 697 731 896 1306 2076 2879 694 232 216 197 222 194 286 382 398 409 430 481 572 491 455 462 336 237 305 358 415 465 460 440 411 397
124 121 103 76 67 66 79 66 33 537 522 358 334 337 363 556 600 686 789 829 884 1078 1572 2565 2291 206 238 224 182 158 188 235 283 380 411 448 539 603 575 497 509 445 241 303 360 393 479 459 422 398 388
128 123 104 74 62 59 65 56 84 1200 469 380 343 342 487 626 614 660 765 846 937 1201 1974 2951 1262 228 230 223 186 149 205 246 348 421 428 500 570 565 562 468 407 454 405 340 368 464 437 432 400 399 396
133 125 104 73 59 57 57 53 36 401 512 397 347 324 719 619 551 583 720 841 1084 1588 2967 1819 236 235 212 237 161 193 303 405 441 443 509 597 694 684 554 461 376 361 408 412 482 494 440 410 417 407 420
137 126 104 72 59 57 56 40 26 646 531 393 341 479 914 538 481 568 685 891 1386 2647 1945 278 189 201 224 187 159 394 424 595 508 579 659 705 770 806 730 458 467 448 487 453 513 500 462 416 416 423 418
142 128 104 72 63 58 59 28 158 795 490 394 353 1309 644 452 457 606 756 1109 1742 3828 347 219 153 173 198 172 213 317 523 559 650 776 737 760 723 699 667 539 474 442 473 463 456 442 397 391 439 428 422
146 130 105 74 66 66 56 34 390 598 450 327 508 1030 381 415 507 760 1139 1854 3181 1824 290 188 154 161 148 148 257 482 598 634 821 727 709 650 579 502 483 453 413 423 465 441 419 421 438 454 432 443 456
152 133 107 77 73 73 41 480 667 467 408 328 1287 659 366 481 611 1014 1751 2849 2803 326 251 188 262 290 201 233 344 532 503 616 556 418 561 557 478 431 421 446 492 459 438 431 435 466 467 449 462 475 498
159 139 109 76 73 62 37 920 590 413 370 343 1274 537 479 573 716 1436 3652 2392 296 260 207 193 234 248 163 249 389 370 409 453 400 382 547 521 436 380 427 504 524 449 408 392 429 436 407 461 475 474 491
170 150 112 73 61 51 37 688 566 421 460 599 726 493 591 825 1186 2140 3105 306 248 183 162 164 219 202 184 280 327 316 381 469 470 475 456 420 417 400 446 481 487 425 403 438 441 391 438 477 458 472 495
185 168 119 70 52 42 39 649 530 525 621 662 508 553 912 1337 2186 2129 255 244 206 159 224 258 301 178 223 142 282 208 370 489 342 438 371 396 411 430 474 494 482 440 407 423 430 451 465 466 476 458 456
206 192 128 70 51 36 41 648 579 562 716 614 605 716 1278 2328 1103 400 327 222 201 217 302 321 256 172 255 144 192 166 395 441 302 348 347 459 468 476 509 448 477 452 427 474 450 458 469 473 463 428 459
226 223 146 71 53 37 49 731 599 554 880 750 849 1499 1940 2127 323 518 406 238 256 366 379 409 218 183 233 201 187 213 396 319 350 444 625 592 470 476 484 417 463 468 410 452 432 442 429 447 456 416 463
238 238 172 73 54 45 76 652 542 672 1115 915 1615 3457 2879 287 652 553 437 414 573 567 516 868 674 447 382 158 218 262 259 269 344 535 678 560 438 460 459 396 456 441 429 406 370 410 397 421 447 420 474
250 255 218 77 57 64 923 568 511 804 1448 1530 2830 401 314 560 756 839 610 536 445 371 281 760 540 338 294 184 212 166 286 427 558 578 535 427 404 425 439 430 446 405 428 384 362 331 389 418 426 421 482
262 273 243 85 67 80 940 524 471 654 1254 3370 488 369 546 759 1008 1222 611 576 582 484 332 556 469 275 329 120 178 216 336 345 464 499 337 420 396 426 452 479 426 388 409 392 377 330 336 413 369 411 454
273 290 261 99 72 66 177 513 419 493 1990 944 416 530 688 912 1334 1989 1005 1084 1075 1008 864 607 287 208 219 116 178 276 206 338 384 288 394 445 428 449 521 491 421 389 445 382 363 352 297 410 359 391 454
282 303 272 114 62 54 120 472 411 687 2219 258 780 833 1156 1334 1703 2640 2013 1543 1500 1264 1193 1097 564 233 268 374 273 312 293 407 306 343 426 555 598 580 480 447 439 402 443 418 367 360 292 403 351 335 462
179 309 278 127 58 47 87 493 525 2284 371 367 895 1250 1321 1453 1664 2567 2315 1850 1699 1591 1572 1445 618 312 224 243 244 283 453 357 310 385 523 646 678 590 450 408 440 415 435 412 359 348 261 395 347 364 462
161 310 279 147 67 60 188 579 1028 957 234 434 1117 1428 1512 1580 1265 2132 2198 1993 1736 1674 1736 1399 580 320 213 281 474 494 360 437 413 515 652 633 567 502 403 404 451 403 390 396 358 341 243 400 349 329 465
147 309 281 160 84 99 589 805 1656 256 264 558 1244 1715 1550 1606 964 1370 1671 1727 1916 1746 1849 1315 568 313 199 269 375 408 395 429 473 518 534 496 452 443 409 423 433 362 400 426 355 329 249 390 348 327 460
135 305 280 171 98 109 590 807 1652 147 274 912 1089 1536 1596 1470 687 1286 1536 1593 2140 1608 1498 1100 374 292 133 209 319 363 415 428 392 418 441 427 408 425 389 431 375 401 454 440 387 325 263 362 353 330 402
127 299 277 170 97 122 569 743 1495 325 561 625 668 1135 1616 1377 657 859 1444 1778 1880 925 935 132 128 130 178 218 242 277 283 343 351 371 430 427 497 462 349 419 366 448 482 467 410 333 278 298 339 332 351
111 290 270 162 81 123 576 934 1033 263 478 562 602 791 1667 926 613 866 1384 1847 1600 403 113 120 110 146 300 348 341 295 213 315 352 422 473 472 572 528 386 410 458 481 477 491 427 370 305 297 310 322 342
101 282 262 154 66 114 840 1289 327 195 362 553 619 718 1764 635 521 642 1322 1774 1403 329 750 254 150 125 269 397 377 244 215 207 497 511 510 543 583 513 396 413 457 467 439 446 399 398 342 299 311 318 343
80 272 254 150 65 141 990 1080 194 170 356 602 950 878 2483 545 456 851 1358 1260 1184 520 598 361 216 189 248 321 393 277 196 367 456 605 555 497 494 423 429 385 416 411 412 377 335 342 352 336 325 334 349
125 260 245 154 80 811 1081 346 501 920 1127 1091 1229 1103 2212 583 446 754 1551 990 792 468 512 508 347 370 447 338 310 342 269 354 509 589 466 440 431 405 400 355 371 380 377 328 342 324 338 338 340 344 353
149 248 236 169 133 714 731 412 444 687 923 685 555 932 1404 361 420 799 1651 953 649 431 529 566 486 588 416 301 236 277 392 348 422 484 408 394 402 392 328 378 371 362 338 348 364 325 349 355 355 361 351
159 153 227 205 685 894 579 292 447 648 636 581 585 705 968 308 332 742 1334 1257 604 470 521 527 534 642 384 271 219 297 277 325 376 415 359 375 387 380 337 358 372 366 356 374 348 324 348 358 362 355 340
160 147 228 211 678 916 696 345 480 710 618 691 731 712 826 337 345 654 967 1288 547 528 563 480 512 635 533 432 334 256 244 260 298 379 314 357 355 361 376 385 380 387 366 387 345 329 343 358 360 352 338
168 152 230 210 743 874 815 477 620 821 815 937 1070 811 642 265 320 619 687 1093 552 589 679 621 579 611 496 406 349 306 286 266 284 355 303 313 332 343 423 412 417 396 404 408 359 339 343 354 361 357 342
271 164 234 158 69 792 888 701 760 931 980 921 1102 1219 434 228 286 551 562 962 771 937 838 825 798 692 611 398 351 338 314 281 255 331 304 306 318 350 440 452 435 395 444 449 396 366 351 348 354 358 350
289 177 237 146 68 772 896 854 972 1017 874 790 808 1481 285 225 287 525 583 990 1013 1281 1060 1059 1104 967 820 507 349 327 312 293 260 313 318 309 310 342 458 466 463 474 504 451 446 408 346 340 344 348 348
311 279 243 142 56 643 880 960 1002 979 768 702 757 349 205 202 290 531 753 1086 1002 1256 1120 1160 1193 1109 1049 617 385 308 289 253 267 302 309 315 318 384 484 428 527 565 534 465 417 406 318 332 335 337 341
334 293 252 155 88 57 692 1020 964 726 638 468 464 132 163 195 297 556 899 1215 964 1105 877 1011 1038 965 1289 692 448 334 292 264 281 250 280 351 336 454 493 497 600 541 580 542 441 399 289 330 332 329 326
350 308 266 179 120 64 280 766 732 448 190 152 110 108 133 175 263 462 822 1457 1062 998 722 658 607 738 1528 736 511 412 298 258 270 212 248 374 354 521 570 624 635 584 650 623 520 416 300 318 322 315 308
346 320 283 218 126 146 72 128 229 116 77 67 109 130 134 150 215 398 632 1558 1372 1043 581 532 511 539 1942 881 670 447 327 245 279 204 235 383 384 551 705 721 733 747 592 566 509 367 303 313 311 300 299
330 322 296 254 154 160 109 78 88 76 92 60 99 94 104 119 174 276 423 1263 1324 986 633 424 429 420 1382 2042 953 525 359 359 289 212 232 413 501 558 737 714 827 731 516 431 424 314 312 302 313 327 328
325 320 308 291 256 230 188 164 74 78 125 98 86 91 108 137 144 165 289 484 519 473 998 399 395 410 601 2764 2833 1349 653 455 322 255 253 429 575 690 768 891 862 570 474 392 400 311 308 310 362 346 312
320 321 315 311 310 302 283 263 265 244 261 67 99 98 99 107 111 131 175 234 234 246 468 429 339 357 433 764 1530 1288 3032 930 206 281 317 402 612 773 803 927 740 542 435 350 336 323 302 333 376 353 307
323 321 317 318 317 317 310 311 283 269 200 169 62 108 92 88 97 115 166 169 167 196 344 471 314 303 406 694 750 1139 3005 2160 272 255 441 414 612 759 753 797 633 520 375 288 302 325 337 350 377 351 311
320 317 313 309 306 312 310 302 272 261 159 220 51 101 110 89 102 128 130 142 131 208 1024 566 357 319 336 665 677 628 2004 2508 280 296 340 551 663 698 809 717 586 463 370 244 294 388 373 352 368 340 307
315 309 304 296 289 289 287 272 249 229 190 172 97 54 101 122 118 124 289 97 147 275 436 364 329 349 470 941 690 605 3017 808 283 377 317 576 577 682 737 674 566 429 377 290 307 430 337 353 362 331 311
310 302 292 280 274 270 261 237 205 174 175 138 153 54 84 95 137 117 137 120 165 1352 382 297 357 618 824 738 745 1046 2699 323 332 292 478 463 566 703 787 682 543 445 373 305 345 389 309 361 348 320 315
307 297 284 269 251 253 234 180 154 145 141 119 148 55 74 108 135 133 137 131 239 1222 392 441 517 625 921 1047 1173 1440 1607 285 290 274 471 475 584 739 814 692 543 459 360 323 432 343 333 374 331 315 323
306 293 276 198 189 218 179 147 134 126 106 111 139 45 85 124 146 147 161 148 219 868 479 901 1182 1101 2010 2603 551 219 267 248 268 283 437 545 658 758 857 714 551 444 365 365 41 387 398 394 368 341 354
305 291 210 166 159 192 149 129 119 108 76 54 116 82 112 165 179 165 215 263 360 830 583 1698 1445 1743 3372 416 125 307 197 208 378 454 463 571 678 729 887 749 553 475 415 381 401 420 423 441 744 396 388
305 291 186 171 178 177 131 120 102 89 209 302 182 115 203 277 253 476 1515 3573 1772 2789 1874 2132 1879 3366 234 112 129 222 192 275 426 354 524 605 691 798 894 741 537 513 469 397 413 444 444 450 440 422 412
260 291 193 187 230 156 122 111 69 145 294 339 231 224 254 324 683 491 280 347 307 768 1171 1218 1125 297 192 121 183 201 295 351 286 444 501 632 745 887 976 797 555 553 462 429 408 436 454 450 429 422 424
241 208 196 213 226 143 117 97 55 156 333 404 239 230 210 351 1469 459 604 1030 744 905 1063 1209 578 319 260 144 273 322 272 250 396 445 410 604 781 965 943 824 650 528 471 395 388 505 502 478 454 411 401
230 295 192 218 222 135 109 92 79 200 374 1542 566 325 262 562 905 459 742 882 1111 1201 986 933 609 366 210 214 218 254 333 347 356 444 462 576 831 1044 1049 831 671 597 512 411 376 428 517 476 464 426 415
95 214 199 225 213 130 100 92 191 285 767 895 816 1237 700 2050 469 487 695 825 1288 1054 874 803 575 328 215 206 200 309 350 386 439 474 500 606 983 1082 1055 954 786 516 444 388 367 395 452 475 451 423 404
96 211 183 238 200 126 92 80 180 307 1573 1019 307 996 2683 1527 371 669 906 926 1158 948 655 578 575 311 227 254 245 270 368 409 520 485 525 682 1057 1092 1040 801 833 530 444 418 395 376 406 462 492 459 378
97 198 195 161 190 123 88 68 190 352 1471 1099 599 217 201 208 444 571 864 988 1051 1042 635 489 419 266 229 282 257 318 350 344 464 475 583 768 1106 980 1041 963 741 596 450 440 416 372 383 441 465 471 405
98 192 188 153 184 122 86 57 199 357 1180 980 656 527 267 418 495 737 1007 1113 1317 1114 713 544 449 299 308 336 316 315 305 342 388 493 641 855 1062 919 905 889 733 500 447 414 401 377 380 428 456 437 445
100 188 193 153 185 126 87 61 214 355 735 993 605 692 959 605 537 661 1057 1147 1358 913 702 596 503 392 327 291 261 281 325 389 417 517 744 915 967 919 802 832 626 491 450 415 382 374 384 404 417 424 384
100 185 193 158 153 135 99 132 184 356 558 757 711 703 603 559 511 626 1119 966 935 750 712 726 620 485 368 305 264 296 336 427 479 599 683 847 906 862 836 838 705 544 443 425 392 357 390 381 386 399 403
100 182 199 168 200 150 116 122 161 283 474 602 657 602 593 663 537 650 897 733 575 612 703 912 825 553 381 318 282 309 351 428 540 568 708 862 935 890 813 691 628 503 455 418 403 382 389 367 369 376 392
99 169 204 182 232 171 110 70 139 184 305 504 551 527 646 627 569 552 39 564 537 494 594 871 1092 697 430 340 320 315 388 453 496 589 710 955 998 908 719 631 683 579 445 413 412 386 393 353 362 365 373
98 135 211 197 254 207 159 126 127 143 182 308 487 438 415 479 491 477 765 458 426 401 453 718 1173 927 561 431 333 371 425 462 514 665 842 1051 982 789 688 604 568 476 450 421 410 390 389 379 396 388 356
96 92 217 212 271 253 238 210 235 143 173 312 611 518 528 565 625 479 382 376 365 373 448 653 1257 1309 1032 586 406 411 397 444 553 824 1041 1077 925 740 681 630 547 498 457 430 414 409 407 406 414 417 416
257 91 227 232 240 282 253 221 224 192 157 392 518 495 455 464 255 234 312 244 246 265 314 469 1223 1102 1267 447 282 316 385 488 592 983 1142 1015 827 670 624 649 559 513 447 421 412 416 420 423 427 430 438
262 229 233 298 207 203 171 235 155 198 119 231 542 474 571 172 57 58 388 239 234 251 288 383 1269 994 1478 399 265 308 387 505 611 1001 1105 926 805 662 630 652 560 509 444 418 413 407 408 413 421 427 435
257 237 242 324 218 208 177 281 168 183 108 138 480 716 132 44 34 47 274 297 280 285 283 413 1314 853 1371 477 301 326 380 517 616 947 948 865 775 687 609 646 585 525 466 431 415 402 399 401 411 416 422
