---
BL Top Wind Direction [deg] Valid 1600 PST ~Z75~(0000Z)~Z~ FRI 19 May 2017 ~Z75~[24hrFcst@1443z]~Z~
Model= RASP Region= PANOCHE Grid= d2 Reskm= 4.0 Indexs= 1 51 1 69 Proj= lambert 4000 4000 40.0000 40.0000 -73.0000 36.6487 -121.0445
Day= 2017 5 19 FRI ValidLST= 1600 PST ValidZ= 000 Fcst= 24.0 Init= 12 Param= bltopwinddir Unit= deg Mult= 1 Min= 0 Max= 360
315 314 313 311 311 311 309 306 300 304 274 264 263 266 267 244 246 249 260 271 305 328 354 357 3 15 22 22 15 7 353 344 331 319 313 311 311 309 310 303 298 295 293 290 285 280 281 279 282 285 286
313 311 310 308 305 303 301 299 295 289 287 261 259 260 262 242 245 248 255 267 297 323 340 343 357 9 20 21 13 4 350 338 324 310 305 305 304 304 304 299 296 294 291 289 285 280 280 277 281 285 287
312 310 309 305 301 298 298 298 293 283 277 262 257 255 254 252 250 249 252 270 301 320 328 338 355 8 20 19 11 360 345 330 315 307 302 301 299 300 300 299 297 294 291 288 284 280 279 277 280 283 287
311 309 307 301 296 294 299 306 303 276 261 261 257 252 248 249 250 247 248 261 304 307 337 347 357 8 21 21 14 358 334 314 299 291 287 288 291 295 299 298 297 294 290 287 283 279 276 277 280 283 286
310 308 306 298 291 289 298 322 337 275 266 257 254 251 246 245 247 247 250 262 337 332 335 341 352 12 29 28 25 16 340 280 273 275 277 280 285 293 297 296 297 296 290 285 278 275 273 276 280 283 285
309 307 305 298 292 292 297 311 281 283 257 253 252 250 246 243 243 249 266 304 309 324 328 335 352 22 26 24 21 13 330 284 273 273 274 280 284 288 295 295 295 298 294 289 282 279 277 278 280 282 284
308 306 305 297 291 290 293 294 242 279 254 250 250 247 244 242 242 254 275 299 325 326 327 332 355 21 21 18 13 1 305 274 269 271 275 277 276 279 290 293 293 300 296 288 280 277 278 278 278 279 282
308 307 305 297 290 289 293 274 279 274 251 248 247 244 243 242 248 269 315 312 323 326 324 332 8 23 23 18 11 4 278 263 261 266 270 269 273 278 285 291 290 295 294 285 278 276 279 278 278 279 281
308 307 306 297 290 288 289 275 278 271 250 247 244 241 244 248 272 308 318 323 327 330 327 358 26 24 26 22 15 345 252 249 255 259 261 267 271 276 280 285 289 294 293 285 279 277 279 278 279 281 283
309 309 307 298 290 289 294 317 197 272 249 245 242 241 248 259 288 308 316 322 327 330 2 30 29 24 25 21 19 245 234 245 251 254 262 264 267 272 278 285 289 291 289 285 281 279 280 280 281 282 284
310 310 308 300 294 295 316 255 270 259 246 244 240 247 260 276 282 285 297 306 304 340 31 34 31 28 23 15 16 242 244 252 253 260 264 267 270 275 279 288 291 291 289 287 283 283 284 284 282 282 284
311 310 309 305 304 311 309 255 267 253 243 241 242 264 301 302 298 295 300 304 317 1 37 38 36 33 27 19 270 258 254 256 259 265 268 272 275 279 286 292 294 293 291 291 289 286 286 284 283 284 285
311 311 310 311 317 323 310 279 263 245 240 241 248 287 322 308 308 294 311 322 350 40 42 40 35 30 27 21 270 277 271 267 272 277 278 279 281 285 291 294 294 293 290 290 287 287 288 286 285 284 284
312 312 311 315 323 328 316 280 252 243 244 248 254 291 303 303 289 286 324 1 46 48 43 39 33 28 22 1 300 296 286 282 282 282 284 284 284 289 291 294 292 291 291 290 290 289 289 289 287 286 286
313 314 312 317 325 329 318 279 248 244 248 255 284 311 300 298 291 288 360 52 53 49 45 41 37 31 19 338 314 298 292 288 287 287 284 283 287 289 292 290 290 290 291 289 289 287 290 291 291 292 293
314 316 314 319 325 326 315 279 249 245 254 286 321 318 310 315 313 6 52 58 53 51 48 45 42 40 27 357 316 293 286 285 282 285 281 282 284 287 290 290 291 292 291 290 288 290 292 293 297 299 300
316 318 316 321 327 324 310 277 252 248 257 302 309 307 303 327 17 49 65 59 55 54 51 50 50 52 46 28 315 279 276 281 281 279 275 279 282 286 290 290 293 292 290 290 291 293 295 298 301 303 304
318 321 319 324 330 323 305 278 260 260 272 315 309 309 296 13 75 92 71 61 58 55 54 55 59 61 56 42 352 267 278 281 275 269 273 278 282 286 289 291 293 291 291 293 296 297 299 301 303 306 306
320 323 322 328 335 324 299 277 271 271 320 339 333 326 5 68 119 87 70 62 59 58 57 49 51 51 41 31 303 298 302 282 264 262 278 282 283 286 289 289 292 291 294 296 297 300 301 301 304 307 308
321 326 324 332 342 330 303 286 280 280 324 336 2 44 65 106 113 96 68 61 61 59 55 43 42 38 29 9 333 328 304 268 263 275 283 286 283 286 286 287 290 291 295 297 298 299 301 301 304 308 309
323 328 327 336 349 346 302 293 291 288 305 353 42 80 105 128 138 135 69 60 58 52 48 37 34 34 30 28 350 349 262 262 272 283 281 282 280 283 285 287 290 292 294 297 298 298 301 302 305 308 310
324 330 328 338 352 1 349 297 303 297 325 32 57 86 120 144 142 205 64 55 51 43 37 34 37 45 51 42 26 234 240 261 277 272 276 278 278 280 287 289 291 292 294 297 299 300 302 303 306 309 310
324 330 328 336 343 344 329 303 307 305 23 39 19 33 347 325 342 329 334 26 31 31 28 28 39 65 80 98 151 208 222 255 259 265 269 276 279 281 285 291 293 294 295 298 301 303 306 305 308 313 311
325 329 326 333 338 329 304 308 307 324 27 31 312 302 337 342 341 333 326 346 4 15 21 26 44 66 91 94 168 210 225 236 246 256 265 274 281 284 289 292 293 294 296 301 305 308 310 307 310 315 313
323 328 324 331 336 322 289 317 322 22 20 13 330 347 345 336 335 334 325 331 340 5 14 23 37 38 41 40 212 234 243 246 254 267 273 280 287 292 292 292 294 294 299 304 308 311 313 308 313 319 316
321 326 320 328 335 324 321 330 358 31 27 12 12 351 335 331 331 330 324 326 339 358 7 19 28 29 26 292 270 272 266 263 272 280 283 287 292 294 292 294 295 298 303 306 312 314 315 311 316 321 319
319 323 316 324 334 327 319 331 2 54 48 12 0 347 326 332 328 324 322 325 335 355 5 18 28 28 28 252 268 282 288 286 287 289 288 291 293 295 295 299 299 302 306 310 314 317 318 316 318 321 323
318 321 312 318 331 326 317 327 8 52 36 11 17 353 318 328 323 319 319 326 337 4 18 37 37 38 221 214 269 299 299 296 290 288 289 290 294 299 304 305 304 306 310 314 318 320 320 321 322 322 322
318 319 309 313 323 317 312 324 20 31 334 338 0 341 312 327 323 316 315 325 346 34 55 59 58 66 199 205 205 272 298 289 283 284 286 290 296 305 312 309 306 309 313 317 320 323 323 324 327 327 326
320 318 308 308 312 302 311 335 29 18 295 293 321 344 308 326 323 317 314 330 4 63 66 80 85 94 188 198 192 200 287 272 277 280 285 293 303 312 317 313 311 314 318 319 321 325 326 327 330 334 333
323 318 309 306 304 289 321 357 56 38 294 276 338 357 324 322 320 316 315 334 5 66 71 81 85 110 151 133 168 193 325 272 274 281 292 304 312 319 320 318 317 319 319 318 321 327 328 328 334 336 338
323 319 311 305 300 313 344 22 58 117 261 348 356 9 317 315 316 316 314 338 6 70 69 78 91 106 109 59 337 308 294 279 287 297 305 312 317 322 321 324 320 321 319 319 322 327 329 331 337 342 346
323 321 314 307 294 323 1 24 30 6 342 344 351 358 311 309 313 315 313 343 2 77 67 75 91 98 89 50 17 311 302 305 307 310 315 317 319 322 324 324 321 321 318 319 321 326 326 331 340 347 357
324 325 318 313 311 330 5 20 27 329 330 327 341 347 307 306 314 314 314 337 349 65 62 69 85 92 87 62 38 349 345 326 317 319 323 320 322 323 324 326 321 321 318 318 322 324 324 330 340 356 10
325 327 322 317 311 325 356 20 29 318 313 318 331 338 304 310 315 313 315 332 350 345 16 59 73 78 80 70 57 28 14 345 329 324 328 323 320 322 323 325 320 319 317 316 321 322 321 328 340 0 14
327 329 325 326 310 319 344 15 20 317 312 313 318 337 298 306 314 312 317 332 350 338 334 351 20 52 69 66 49 33 17 360 341 329 332 328 321 320 319 321 319 317 315 314 317 318 318 324 334 354 10
328 331 328 340 340 309 330 357 2 331 316 309 311 335 296 307 311 309 317 332 350 347 328 323 325 347 24 41 32 18 14 6 353 336 333 330 320 319 316 317 315 316 312 312 314 315 316 320 326 343 1
329 332 328 336 324 301 311 332 333 326 311 303 304 305 290 304 310 305 314 333 344 346 319 310 309 312 337 10 17 10 11 7 353 339 333 331 319 317 313 314 313 313 309 308 312 312 315 317 321 336 357
327 329 327 331 203 289 292 307 313 304 287 286 290 269 284 304 306 299 309 331 332 336 310 304 309 308 316 343 6 13 16 9 354 342 332 329 319 314 310 312 310 309 307 307 311 313 315 314 317 332 357
323 323 324 316 180 197 274 285 294 282 271 268 264 261 281 305 303 293 303 324 336 335 302 300 314 319 321 343 4 16 16 9 358 343 329 325 316 311 307 310 306 307 305 306 309 314 315 312 313 329 359
319 319 323 324 198 184 248 276 276 265 273 259 252 268 288 306 304 287 290 315 335 328 298 296 306 322 332 350 5 20 17 9 358 347 327 320 313 307 304 306 305 306 305 306 309 315 314 309 311 328 5
316 316 324 351 354 213 225 232 250 277 269 262 260 273 282 302 302 278 280 296 332 320 299 293 299 311 328 352 0 14 17 9 359 349 326 314 304 302 300 303 303 305 305 307 313 316 314 309 312 340 15
317 318 323 348 349 297 228 232 241 298 277 266 265 275 283 294 283 265 263 275 305 299 294 287 287 290 305 345 354 9 15 11 359 349 324 311 300 298 297 302 303 306 308 311 317 318 316 313 320 348 14
315 316 318 332 327 280 237 245 257 264 259 264 267 274 278 282 264 251 252 257 263 265 274 273 268 267 273 287 328 356 11 10 357 344 314 302 294 295 296 301 304 308 312 316 320 320 320 320 326 356 28
313 313 312 314 302 270 249 243 245 249 245 235 264 269 269 268 256 248 248 253 255 257 264 259 249 247 251 258 278 256 286 5 351 335 302 293 291 294 295 301 306 311 317 320 322 322 321 324 332 3 38
310 309 307 304 293 277 262 252 248 245 241 229 227 256 265 262 255 252 254 253 251 252 258 252 237 233 237 248 261 280 302 344 345 318 292 289 289 292 299 303 308 314 321 322 320 322 323 329 337 9 44
309 307 305 300 292 283 272 261 249 243 234 230 215 248 255 254 256 257 257 253 249 250 247 246 237 230 232 240 252 266 277 347 330 300 286 288 290 296 301 305 309 316 323 321 316 321 329 336 344 22 53
309 307 304 300 294 288 279 268 255 245 233 228 211 215 236 243 257 262 253 254 249 249 253 249 243 238 237 238 251 265 287 346 314 291 285 289 293 297 302 305 310 316 322 321 313 321 331 338 351 33 57
309 307 304 301 296 291 283 273 261 249 237 224 208 197 236 247 259 266 261 254 251 261 250 257 257 253 257 260 262 266 337 321 297 286 289 292 294 298 303 304 310 316 318 316 312 323 333 338 4 44 58
309 307 305 302 298 293 287 278 267 256 242 224 203 185 236 246 258 260 252 249 251 255 247 274 277 281 285 284 261 259 345 303 287 287 291 292 294 297 303 305 310 314 314 314 309 322 337 340 25 50 57
310 309 306 305 301 295 289 280 272 264 249 224 186 158 232 256 264 259 249 248 249 234 238 267 282 296 303 342 350 324 306 290 286 287 288 291 294 299 304 305 310 312 312 310 324 317 329 348 25 53 53
312 311 309 307 304 297 291 283 280 270 252 219 166 176 238 267 270 263 254 249 244 207 225 274 292 299 338 349 329 313 293 285 286 287 288 290 293 297 304 305 309 310 309 308 314 316 327 341 317 19 35
314 313 310 308 305 299 293 289 286 273 278 261 159 154 258 284 286 282 296 327 325 276 241 281 300 316 16 348 322 294 279 277 281 280 287 290 294 297 303 305 308 310 308 303 303 313 327 339 357 14 31
316 314 311 309 305 301 296 294 290 289 279 260 219 212 270 297 300 353 14 19 12 336 326 332 6 48 46 9 287 257 262 269 270 279 283 290 296 298 301 304 309 307 305 303 303 308 318 333 352 10 25
318 316 312 310 307 303 300 299 293 291 282 259 237 236 266 293 319 6 41 355 32 23 17 19 57 72 77 77 228 239 243 251 268 275 279 291 297 298 302 306 308 307 305 302 300 305 317 329 341 6 20
319 316 313 312 310 306 304 304 292 297 285 281 248 226 247 276 336 354 352 349 342 346 9 22 54 71 86 85 211 229 247 256 263 275 281 289 295 298 300 307 309 306 304 301 301 305 313 324 336 7 21
317 317 315 313 312 309 308 310 310 301 290 333 308 212 228 258 334 22 49 25 315 343 10 27 48 67 78 52 229 249 254 260 271 280 285 289 296 297 300 310 312 307 305 302 302 306 310 318 331 9 25
317 317 316 315 315 313 311 311 313 309 301 10 352 301 246 322 304 266 250 252 321 331 8 22 32 64 82 62 262 249 269 276 277 285 287 288 295 297 300 305 308 308 305 303 303 306 308 318 327 0 26
318 318 317 318 317 316 312 310 317 314 312 40 70 17 2 352 253 244 244 244 295 323 4 24 39 61 69 27 287 278 289 292 291 291 288 290 295 296 300 304 306 307 305 305 306 306 307 317 329 4 20
319 319 319 320 320 318 312 308 322 316 302 9 69 66 39 214 227 248 262 248 269 321 1 28 39 53 48 7 334 318 307 300 294 294 293 293 296 298 302 305 307 307 306 306 308 308 306 314 326 5 18
321 321 320 322 322 319 312 307 329 320 292 266 347 85 146 211 236 259 294 287 283 326 1 26 36 38 27 6 348 328 318 307 297 296 295 295 296 299 302 305 307 308 307 308 309 310 309 315 327 352 18
322 322 322 324 324 319 313 309 344 325 298 269 251 244 201 224 247 268 308 301 309 333 0 19 30 25 13 360 349 333 322 314 303 300 296 295 297 300 302 304 307 307 307 309 311 312 315 320 327 348 2
323 324 323 325 325 318 317 334 350 340 309 291 268 256 259 244 254 277 317 305 323 334 353 9 18 12 3 355 346 335 323 318 308 300 297 296 298 300 302 306 308 309 310 312 313 314 322 326 329 344 355
323 324 325 326 324 319 318 318 347 343 324 307 290 278 267 267 271 281 327 304 316 325 338 348 359 2 355 349 341 335 326 320 309 303 298 297 299 301 305 308 309 310 313 315 316 319 325 328 332 341 350
324 325 326 327 325 321 318 320 345 335 324 308 300 290 286 282 277 283 317 299 309 314 313 317 326 345 348 343 337 329 319 325 305 300 297 297 300 303 306 309 311 313 316 318 322 324 327 331 336 345 357
324 325 326 327 327 325 324 322 318 324 308 298 297 293 291 288 292 296 297 299 299 299 295 292 296 314 334 343 332 323 324 318 304 296 296 298 302 304 308 310 314 316 319 322 326 329 333 339 347 4 12
324 325 326 329 331 333 331 325 312 308 297 290 300 295 290 296 299 302 300 296 291 289 287 289 289 295 336 358 335 324 318 313 296 291 294 299 303 307 309 312 317 321 324 326 329 333 339 348 358 6 10
323 325 326 329 332 334 335 324 326 307 293 286 303 301 287 298 286 286 300 299 291 287 283 285 287 296 329 359 338 321 313 307 295 289 294 299 304 308 311 314 319 323 326 328 329 333 339 348 359 9 13
323 324 325 329 330 332 333 324 329 315 294 285 284 284 286 284 282 281 274 298 286 284 283 285 298 308 330 4 338 319 313 307 294 289 294 300 305 308 311 315 320 324 326 327 329 331 336 343 353 4 10
