---
BL Wind Direction [deg] Valid 1600 PST ~Z75~(0000Z)~Z~ FRI 19 May 2017 ~Z75~[24hrFcst@1443z]~Z~
Model= RASP Region= PANOCHE Grid= d2 Reskm= 4.0 Indexs= 1 51 1 69 Proj= lambert 4000 4000 40.0000 40.0000 -73.0000 36.6487 -121.0445
Day= 2017 5 19 FRI ValidLST= 1600 PST ValidZ= 000 Fcst= 24.0 Init= 12 Param= blwinddir Unit= deg Mult= 1 Min= 0 Max= 360
315 314 312 311 311 311 309 306 300 301 285 270 267 264 261 257 254 252 251 251 253 256 261 266 273 286 302 315 322 326 329 331 332 332 332 333 332 330 329 328 327 326 325 324 324 325 325 326 325 324 322
312 311 310 308 305 303 301 299 295 289 285 269 264 260 257 254 251 249 248 249 251 254 257 261 269 280 300 314 319 325 328 329 330 330 330 330 330 329 328 326 325 324 323 322 323 323 324 325 325 325 323
311 310 308 305 301 298 298 298 293 283 275 268 261 257 253 250 247 246 246 246 249 252 255 259 268 281 305 313 316 321 324 327 329 329 329 329 328 328 326 325 324 323 322 322 322 322 323 324 325 325 322
311 309 307 301 296 294 299 306 303 276 261 265 259 253 248 246 245 244 244 245 248 250 255 260 269 287 308 311 312 314 318 324 327 328 328 328 327 327 326 325 324 323 323 322 322 321 324 324 324 324 322
310 308 306 298 291 289 298 322 337 275 272 261 256 250 245 243 242 242 243 244 246 249 253 259 269 291 312 312 311 314 317 325 325 325 326 326 326 325 325 324 322 322 323 323 321 320 322 323 323 323 321
309 307 305 298 292 292 297 311 281 281 265 259 254 248 244 241 240 239 240 242 243 246 250 257 270 309 323 326 325 320 307 309 319 325 328 328 328 326 324 323 322 321 321 323 324 323 323 322 323 322 321
308 306 305 297 291 290 293 294 242 277 263 257 251 245 242 240 238 237 238 240 243 246 249 256 278 308 309 310 310 306 310 320 321 323 324 325 325 325 324 323 322 321 320 321 323 323 324 323 322 321 320
308 306 305 297 290 289 293 274 267 273 262 255 247 241 238 237 236 236 238 239 243 246 249 258 289 307 310 309 311 305 309 317 319 320 321 321 322 322 321 321 321 320 319 319 321 322 322 321 321 320 319
308 307 306 297 289 288 289 275 278 267 260 250 242 236 235 236 237 238 239 241 244 248 252 279 305 311 315 313 316 310 315 314 314 314 315 316 318 319 318 318 319 320 320 322 323 322 320 320 320 319 318
309 308 307 298 289 289 294 317 197 262 256 245 237 234 234 236 238 239 240 242 245 251 278 307 312 312 315 316 322 325 320 321 318 317 316 318 318 318 318 317 320 320 320 320 322 321 320 319 318 318 317
310 309 308 300 293 295 316 255 257 263 250 239 234 234 237 238 239 239 240 241 243 255 308 310 311 313 315 318 319 324 321 320 320 321 319 318 318 319 321 321 323 323 322 320 322 320 319 318 318 317 316
310 310 309 305 304 311 309 255 254 255 242 235 233 240 241 241 242 241 241 241 246 281 309 314 318 321 321 323 319 316 314 316 319 320 321 320 320 322 323 324 325 325 324 321 320 320 320 319 318 317 315
311 311 310 311 317 323 310 277 262 245 235 234 236 243 244 242 243 242 243 246 267 311 323 327 323 320 320 321 317 314 314 315 316 319 323 326 325 326 326 326 327 327 326 323 322 321 320 319 318 317 316
312 312 311 315 323 328 316 279 260 241 234 236 239 243 242 242 242 243 248 276 322 332 328 323 317 316 319 314 315 317 323 326 329 330 333 333 330 329 327 327 326 326 326 324 324 322 321 320 319 318 317
313 313 312 317 325 329 318 280 259 241 236 238 244 244 242 242 243 245 267 336 341 331 323 320 320 321 324 322 328 339 343 346 346 343 340 337 334 331 329 326 325 324 325 325 324 323 322 321 320 319 318
314 315 314 319 325 326 315 281 258 242 238 244 249 248 245 248 250 278 342 349 335 328 325 324 324 327 337 354 356 357 355 355 348 345 341 338 335 332 330 328 326 324 323 324 324 324 323 322 322 321 320
316 318 316 321 327 324 310 282 259 245 241 248 250 250 248 254 319 2 7 343 331 326 324 324 327 337 353 0 348 344 350 348 342 341 339 336 334 333 331 329 327 325 324 324 324 323 323 322 322 322 321
318 320 319 324 330 323 305 284 262 250 247 253 253 253 249 305 6 7 353 334 327 324 325 329 338 347 348 339 327 323 318 322 328 332 336 335 334 333 332 330 329 327 326 326 325 324 323 322 322 321 320
320 323 322 328 335 324 299 284 266 256 259 261 263 260 291 6 9 358 340 328 324 326 331 329 335 337 328 322 313 315 318 318 323 330 334 333 333 332 331 330 330 328 327 327 326 324 323 321 321 320 319
321 326 324 332 342 330 304 286 270 261 265 267 280 351 16 14 4 343 330 327 328 331 334 326 328 325 319 316 335 358 345 337 336 335 333 333 332 331 330 328 328 327 326 325 325 322 321 320 320 319 318
323 328 327 336 349 346 307 290 276 266 269 278 7 16 13 5 351 335 328 326 327 328 327 321 320 319 320 325 16 346 341 342 340 337 334 332 331 330 329 327 326 325 324 323 322 320 318 318 318 317 317
324 330 328 338 352 1 349 291 280 272 281 6 24 10 6 355 343 333 325 323 322 321 319 320 321 325 336 359 2 323 335 340 337 334 332 331 330 329 329 327 325 324 323 321 319 318 317 318 317 316 315
324 330 328 336 343 344 329 290 281 277 332 19 13 2 357 348 339 331 323 320 318 317 315 315 326 340 346 348 339 331 329 330 330 330 330 331 330 328 327 327 325 323 322 320 319 318 317 318 316 315 315
325 329 326 333 338 329 304 287 282 283 8 11 5 356 351 343 336 330 323 318 314 313 314 318 336 346 346 346 339 332 325 321 322 326 328 330 329 327 326 326 324 322 321 320 319 319 318 318 317 316 315
324 328 324 331 336 322 289 295 293 346 23 7 6 356 346 338 333 328 321 315 311 312 314 321 337 342 347 350 344 334 326 323 324 327 327 328 327 326 325 324 323 321 320 320 319 320 319 318 317 316 315
322 326 320 328 335 324 311 310 316 9 26 4 3 353 344 337 331 325 319 313 311 311 312 317 327 333 350 359 355 343 334 330 330 329 328 328 326 325 324 323 322 321 320 320 320 320 319 318 317 316 314
320 323 316 324 334 327 314 312 324 8 14 3 359 350 344 339 330 323 318 312 310 310 309 313 321 329 3 6 1 353 346 340 336 331 330 328 327 325 324 323 322 321 321 321 321 320 319 318 316 315 313
319 321 312 318 331 326 310 306 324 3 8 6 357 346 343 339 330 322 315 310 308 312 314 325 331 354 20 358 355 351 348 344 338 334 331 329 328 326 324 324 323 322 322 322 321 320 319 317 315 313 310
318 319 309 313 323 317 304 302 333 7 5 3 351 339 339 337 329 321 314 308 312 323 335 347 0 21 19 354 345 344 343 342 338 334 332 330 328 327 325 324 324 323 323 322 321 319 318 316 314 311 308
319 318 308 308 312 302 299 304 339 12 360 355 341 333 333 334 327 320 314 311 322 337 343 353 1 15 15 360 346 335 335 336 337 334 332 330 329 328 326 325 324 324 323 322 321 319 317 315 313 310 306
320 318 309 306 304 289 300 319 342 3 339 339 331 328 331 329 324 320 315 315 326 336 339 343 353 6 9 357 345 335 329 331 334 334 333 330 329 328 327 325 325 324 323 321 320 318 316 314 312 309 305
320 319 311 305 300 302 311 335 343 343 332 327 324 326 327 323 322 320 316 316 325 333 335 338 347 355 355 346 342 338 334 332 333 333 332 331 330 329 327 326 326 324 322 321 319 318 315 313 311 308 305
321 321 314 307 294 309 323 340 343 343 331 321 318 323 323 320 321 320 316 316 325 330 332 334 337 337 333 329 336 339 337 333 332 332 331 330 330 328 328 327 325 324 322 320 318 317 314 312 310 307 304
323 324 318 313 313 316 327 339 344 343 327 317 313 316 323 322 324 321 315 314 325 328 329 330 328 323 319 322 331 336 336 334 331 330 330 330 329 328 328 327 325 323 321 319 318 316 313 311 309 306 304
324 327 322 317 316 315 323 333 340 335 325 315 307 308 322 327 326 321 315 312 325 326 326 325 320 314 313 316 321 328 330 330 330 328 329 329 329 328 327 326 324 322 320 318 316 314 312 310 307 305 303
326 329 325 326 319 314 319 327 330 325 319 312 302 303 318 326 325 319 314 311 323 324 322 318 313 310 309 308 309 318 323 324 326 327 327 327 327 327 326 324 323 320 318 316 314 312 310 308 306 304 302
328 331 328 340 340 311 314 319 318 314 311 307 297 298 315 324 322 316 311 309 319 321 318 313 309 305 304 304 304 310 317 319 322 324 325 325 325 325 324 322 320 318 316 313 311 309 308 306 304 302 300
329 332 328 336 324 303 301 303 301 303 303 300 292 287 310 321 319 311 306 305 313 317 314 311 306 301 298 297 298 304 312 314 318 321 322 323 323 322 321 320 318 316 314 311 310 307 306 305 303 301 299
327 329 327 331 203 288 285 285 288 292 295 292 282 280 305 317 316 306 300 301 306 311 312 309 305 298 292 291 293 300 308 311 316 319 320 321 320 320 319 318 317 315 312 310 309 307 306 304 303 301 299
323 323 324 316 180 197 263 269 279 283 291 285 272 286 303 315 314 302 292 290 302 308 310 308 302 296 290 291 292 299 307 311 315 317 318 319 318 318 317 317 316 314 312 310 309 307 306 304 303 301 299
319 319 323 324 198 184 230 255 270 288 300 295 285 297 304 314 313 295 281 280 297 303 307 305 298 293 290 298 300 302 308 312 315 316 316 317 317 316 316 316 315 314 312 310 310 308 307 305 304 302 299
316 316 324 351 354 213 225 238 260 302 296 282 283 292 299 310 309 285 270 269 290 296 301 300 293 288 286 307 308 306 307 311 313 315 314 315 315 315 316 315 315 315 314 312 311 310 309 307 305 303 300
317 318 323 348 349 297 228 242 257 298 285 274 277 285 290 298 291 261 252 255 269 280 289 290 284 276 272 289 304 306 303 307 311 312 312 313 314 314 315 315 316 316 316 315 314 313 311 308 306 304 301
315 316 318 332 327 280 237 245 257 264 259 264 270 276 280 280 264 241 239 245 255 264 272 274 267 258 255 257 268 287 293 299 306 308 309 311 313 314 316 316 317 318 319 318 317 315 312 310 308 305 303
313 313 312 314 302 270 249 243 245 249 245 235 255 263 266 263 249 238 238 246 252 256 261 261 252 243 242 245 251 256 259 285 302 305 308 310 312 314 317 317 318 319 320 318 317 315 313 311 309 306 304
310 309 307 304 293 277 262 252 248 245 241 229 227 247 254 252 245 243 247 249 249 249 253 253 243 235 234 239 246 253 257 271 303 305 309 311 313 316 317 318 320 320 319 318 316 315 314 313 310 307 305
309 307 305 300 292 283 272 261 249 243 233 230 215 236 242 244 247 250 254 251 245 244 247 246 237 230 229 235 244 249 252 271 306 308 311 313 317 318 319 320 320 319 319 318 316 315 315 313 311 309 306
309 307 304 300 294 288 279 267 254 244 233 228 210 215 231 236 248 256 253 251 244 240 236 234 231 228 227 230 239 244 251 302 310 313 315 318 320 321 322 320 320 319 319 318 316 315 314 313 312 311 309
309 307 304 301 296 291 283 273 261 248 236 224 208 197 226 233 245 257 255 249 246 246 234 232 233 233 232 229 232 236 257 312 315 317 321 322 322 323 324 321 321 320 319 318 316 315 314 314 314 313 312
309 307 305 302 298 293 286 277 266 255 242 223 202 185 225 230 234 246 244 243 244 246 232 237 240 244 243 236 226 227 291 319 322 324 325 324 324 324 325 322 321 320 319 317 317 315 314 314 314 313 313
310 309 306 304 300 295 289 280 272 264 249 223 185 157 218 231 229 239 239 240 240 234 222 236 246 256 257 270 308 336 341 332 330 328 328 327 326 327 326 323 321 320 318 317 324 315 313 313 313 313 312
312 311 308 306 302 297 291 283 280 270 251 218 166 162 208 236 238 243 241 240 233 214 207 235 255 263 276 351 12 3 348 339 336 333 331 329 327 327 326 323 321 319 318 317 316 315 313 312 310 309 309
314 312 309 307 304 299 293 289 286 273 269 235 140 147 206 248 256 258 262 289 308 208 199 240 266 277 329 21 7 354 343 337 334 332 332 330 329 327 326 322 320 319 318 317 315 314 312 311 310 309 308
316 314 311 309 305 301 296 294 290 284 265 225 162 156 216 267 278 322 332 334 332 318 292 289 302 342 8 25 338 333 332 332 330 331 330 330 330 328 325 322 320 319 318 317 315 313 310 309 308 307 305
317 316 312 310 307 303 300 299 293 285 270 227 189 181 208 265 290 325 321 317 318 316 312 315 340 355 352 342 331 328 324 325 327 328 328 329 329 328 326 322 320 319 319 318 316 313 309 308 306 304 302
318 316 313 311 310 306 304 304 292 288 273 252 201 185 200 243 296 316 315 317 318 316 316 319 331 340 342 340 334 329 325 324 325 326 326 327 328 327 324 321 320 319 318 317 316 314 310 307 304 302 300
319 317 314 313 312 309 308 310 304 295 280 288 235 177 192 223 304 309 307 310 314 314 316 322 332 336 335 334 331 329 325 324 324 325 325 325 327 326 323 321 319 319 318 317 316 314 311 307 304 301 299
319 317 315 315 315 313 311 311 306 300 288 309 306 231 194 247 304 304 305 308 314 313 316 320 324 331 333 333 331 327 325 324 323 323 323 323 326 325 323 321 319 319 318 317 315 314 311 308 304 301 299
320 318 316 317 317 316 312 310 307 302 293 307 313 307 283 302 307 306 305 305 310 312 313 318 325 332 334 332 330 328 326 323 321 320 321 321 325 324 323 321 320 319 318 317 315 314 311 308 305 301 298
321 319 318 320 320 318 312 308 307 303 289 293 294 299 288 302 309 314 315 310 311 312 314 321 328 334 335 333 329 327 324 322 319 318 318 320 323 323 323 321 320 320 319 318 316 314 311 310 306 302 300
322 321 320 322 322 319 312 307 312 306 292 288 290 290 287 297 308 317 321 316 315 314 317 323 330 335 334 331 327 324 322 320 318 317 318 320 322 323 322 322 321 320 320 319 317 316 313 312 308 304 303
323 322 321 323 324 319 313 309 324 317 304 297 293 290 285 294 304 314 324 318 317 317 320 324 330 333 331 328 325 322 320 318 317 317 318 320 322 323 323 323 322 321 321 320 319 318 315 313 311 307 305
324 323 323 325 324 318 317 326 330 326 315 305 296 289 288 291 299 310 326 317 319 318 319 322 326 327 326 323 321 320 318 317 316 317 318 321 322 322 323 323 323 322 322 321 320 319 316 315 313 311 309
324 324 324 325 324 319 318 318 332 330 319 308 299 292 288 291 295 304 327 315 317 317 315 312 312 315 318 318 318 317 316 316 316 316 317 320 322 323 324 324 323 323 323 323 322 321 319 318 317 315 314
324 325 325 326 325 321 318 320 333 327 315 304 297 291 290 290 293 301 318 311 312 309 303 297 293 299 308 313 315 315 315 315 315 315 317 321 323 324 324 324 324 324 325 325 325 324 323 322 321 318 317
324 325 326 327 327 325 324 322 318 318 304 294 291 291 292 293 298 303 306 305 303 299 292 285 282 285 296 307 311 313 314 314 314 316 319 321 322 323 324 324 325 326 326 327 328 328 328 327 325 321 319
324 325 327 329 331 333 331 325 312 302 292 282 289 291 292 298 300 300 300 297 293 288 283 279 276 276 285 303 308 310 312 312 313 317 320 321 321 321 323 324 326 327 328 330 332 332 332 331 329 326 322
323 325 326 329 332 334 334 324 315 295 285 276 285 290 292 297 286 286 293 290 284 278 274 271 270 273 279 301 307 309 311 312 312 316 320 321 320 321 322 324 326 327 329 331 333 334 333 332 330 327 324
322 324 326 329 330 332 331 324 320 303 282 271 274 279 286 284 282 281 274 286 281 272 269 267 273 278 281 298 305 308 310 312 313 317 319 319 319 320 321 323 325 327 329 331 332 333 332 331 329 327 323
