---
BL Wind Direction [deg] Valid 1300 PST ~Z75~(2100Z)~Z~ FRI 19 May 2017 ~Z75~[21hrFcst@1439z]~Z~
Model= RASP Region= PANOCHE Grid= d2 Reskm= 4.0 Indexs= 1 51 1 69 Proj= lambert 4000 4000 40.0000 40.0000 -73.0000 36.6487 -121.0445
Day= 2017 5 19 FRI ValidLST= 1300 PST ValidZ= 2100 Fcst= 21.0 Init= 12 Param= blwinddir Unit= deg Mult= 1 Min= 0 Max= 360
328 325 322 320 320 319 314 307 292 287 265 270 269 268 269 272 274 277 282 285 286 288 289 289 289 290 291 290 294 294 293 293 294 297 300 302 305 307 307 307 307 306 305 303 300 299 299 297 296 296 295
323 320 319 316 312 308 305 301 288 279 273 264 265 264 267 271 274 278 284 287 288 289 290 291 293 294 295 292 296 297 296 295 297 299 302 304 306 309 308 308 307 307 305 303 300 299 298 297 297 298 297
321 318 317 312 307 302 299 295 287 278 270 259 260 261 265 271 276 280 285 288 290 290 290 293 296 298 300 300 301 301 300 299 300 304 307 308 309 310 310 309 309 307 306 304 302 300 299 299 298 299 297
320 317 315 309 302 298 300 301 297 282 265 258 257 259 264 273 278 283 287 290 291 290 293 298 303 306 309 309 309 304 305 304 309 315 315 313 313 313 313 312 311 310 308 307 306 304 303 302 301 300 298
318 315 313 304 295 292 295 315 325 275 257 256 256 260 268 279 285 287 287 287 289 291 300 311 320 325 324 319 313 303 303 318 331 324 318 315 315 318 319 316 315 312 311 310 310 309 307 303 301 300 298
316 313 312 304 297 296 287 271 271 264 254 253 255 261 269 279 288 290 290 293 294 296 299 303 308 313 317 322 326 329 335 337 320 319 320 322 320 319 318 315 314 312 310 305 305 303 304 301 300 298 296
313 311 311 303 296 292 281 261 254 257 251 251 256 264 274 285 292 295 293 291 292 294 297 302 307 312 318 326 333 346 9 349 325 321 319 317 312 307 309 308 307 306 307 303 299 298 300 298 296 294 293
313 311 311 302 295 291 269 257 276 250 247 251 257 266 279 290 299 301 297 293 293 297 299 301 304 309 315 321 329 350 1 337 329 323 318 313 310 304 303 304 303 302 302 300 293 291 292 294 295 293 292
313 312 311 301 292 281 243 267 286 249 243 248 259 281 296 303 309 306 304 300 299 301 303 307 312 318 321 320 322 329 329 321 319 316 314 310 308 306 304 303 302 302 301 302 299 294 294 295 295 294 293
313 312 310 300 288 263 204 247 210 244 238 243 268 297 311 319 321 317 314 311 309 311 315 320 323 326 333 334 345 13 318 316 317 316 313 310 306 305 304 303 304 305 305 308 309 305 300 297 296 295 294
313 312 310 301 287 232 248 240 252 235 235 250 282 304 319 327 326 323 320 316 313 313 315 316 315 320 329 329 334 328 321 323 321 318 316 316 314 312 309 308 307 305 303 301 302 302 300 297 296 296 294
313 312 310 305 297 276 293 229 238 224 233 270 304 311 308 315 323 325 324 321 319 318 317 317 316 320 320 329 341 332 324 326 324 322 322 324 323 319 317 316 312 308 303 303 302 300 298 295 295 295 294
312 312 311 313 328 341 305 248 223 218 234 296 323 328 330 323 323 325 327 324 320 320 323 328 331 336 333 334 314 312 316 319 322 324 328 332 330 327 323 318 313 309 305 299 293 292 294 294 293 293 292
311 312 312 318 342 348 317 235 218 216 248 308 329 334 331 326 327 331 334 329 327 330 334 335 330 327 326 319 289 282 294 304 315 320 324 328 327 329 324 321 318 315 309 302 298 296 297 294 292 291 290
311 312 314 322 348 354 321 218 214 220 276 315 330 330 328 332 333 335 339 338 341 341 339 335 332 327 324 308 276 265 289 305 314 316 319 323 326 321 318 315 312 307 302 296 292 290 290 291 290 289 288
311 314 316 325 351 359 324 212 213 233 304 326 340 336 338 347 353 349 340 340 342 341 340 340 340 335 329 319 284 274 308 309 309 312 320 324 326 319 317 314 308 303 299 300 301 299 294 291 288 287 287
312 316 319 327 354 3 322 209 214 238 344 0 357 349 359 2 2 344 339 345 347 349 349 348 343 338 332 327 294 306 311 308 316 326 327 322 319 315 314 311 309 309 304 298 295 293 292 290 288 288 287
313 318 321 329 356 9 323 209 219 10 14 12 358 359 8 7 359 342 342 342 343 346 346 344 341 340 340 346 46 320 305 316 337 335 328 319 317 314 314 310 307 307 301 298 295 294 293 291 289 288 287
314 320 323 332 0 9 257 215 250 17 22 13 3 6 12 4 349 339 338 341 343 345 346 347 348 349 348 352 336 305 314 355 341 327 325 319 318 313 312 310 309 308 303 303 299 296 294 291 290 288 287
315 322 325 336 7 309 211 235 346 20 33 14 11 14 13 358 345 339 336 340 340 342 345 347 349 348 343 334 324 348 17 337 315 315 318 319 316 310 308 306 305 305 302 300 298 296 294 291 289 288 286
316 324 326 337 18 319 223 248 24 33 40 18 21 18 7 353 345 341 339 340 340 341 341 341 340 337 332 331 353 12 337 316 314 321 322 321 316 312 310 307 305 301 298 297 295 293 292 291 288 286 284
318 326 327 338 34 29 320 240 40 43 42 24 25 11 360 354 348 343 337 336 336 336 334 334 334 334 340 358 23 343 327 326 325 329 325 322 317 315 313 308 304 299 298 297 296 295 293 290 287 284 281
318 327 328 340 53 57 167 242 32 43 50 26 23 6 1 356 348 341 335 337 341 341 337 335 333 341 351 358 1 346 341 337 333 331 323 322 320 319 317 312 307 303 304 299 294 290 289 289 286 283 280
318 328 329 346 63 66 143 244 299 44 57 29 19 4 359 352 346 342 342 344 347 344 339 337 341 352 350 350 349 342 339 335 331 328 324 321 320 318 315 313 311 307 306 303 302 297 293 290 286 282 279
318 328 328 342 60 71 176 248 346 49 54 33 13 3 356 350 346 345 342 342 338 337 337 340 349 351 346 346 341 332 325 322 323 324 322 321 322 321 318 315 311 309 306 303 298 291 289 288 285 282 278
318 327 327 345 55 120 267 297 19 43 53 14 358 354 350 346 343 343 340 336 335 337 341 347 349 342 340 342 339 334 326 319 317 318 318 318 318 317 314 310 305 306 304 302 300 294 291 288 284 280 277
318 326 326 348 27 316 275 316 16 28 38 345 353 350 346 342 340 339 341 340 343 346 347 346 341 335 337 338 336 335 332 328 324 321 320 319 317 314 312 308 303 301 300 299 296 289 288 287 283 280 277
317 323 322 346 7 330 285 318 9 25 25 4 360 355 347 342 337 338 340 342 344 344 340 336 334 334 337 335 334 332 328 325 322 320 320 320 317 314 312 308 306 306 305 302 299 293 288 286 283 280 278
315 320 318 335 353 331 288 321 16 22 18 19 11 2 351 344 338 337 332 328 328 328 328 330 330 333 338 339 339 339 333 327 324 322 322 320 318 317 316 313 309 304 301 297 294 290 285 285 282 279 277
314 318 315 324 336 311 293 341 18 30 26 29 16 4 352 345 338 332 322 316 314 312 315 318 322 328 339 342 345 347 341 336 332 325 322 319 318 317 318 315 311 306 304 301 297 292 285 283 280 277 274
313 316 313 316 317 274 299 344 21 44 22 22 2 350 345 341 336 329 325 322 320 316 313 315 322 336 346 343 340 341 337 336 334 327 324 322 322 321 318 312 308 305 302 299 294 290 284 281 279 275 272
313 316 314 311 301 295 318 345 2 48 359 357 343 337 336 334 329 325 328 331 330 330 327 328 338 352 353 343 332 322 320 323 326 325 323 322 321 318 314 308 304 302 300 297 293 289 283 279 277 273 271
315 317 315 306 280 297 319 341 1 24 349 342 339 337 333 328 322 321 328 329 331 335 337 340 348 353 350 347 338 330 323 319 321 322 323 322 320 318 314 310 306 302 299 296 291 288 282 278 275 271 269
319 320 317 307 291 306 329 351 3 9 349 338 338 336 329 322 318 318 326 332 338 344 341 342 345 342 341 341 337 335 331 326 323 323 323 320 317 314 311 309 307 304 301 297 292 286 280 277 274 270 267
321 322 318 307 285 304 337 356 1 356 337 331 333 332 329 322 318 316 325 337 343 345 341 341 340 338 338 336 334 335 334 330 326 325 324 321 317 314 311 308 306 304 301 296 291 286 278 276 272 269 265
323 323 319 314 280 301 330 349 351 341 330 324 324 324 326 321 318 315 323 337 342 340 336 334 331 329 330 327 326 326 329 328 325 323 321 319 317 315 313 311 308 305 301 297 290 286 277 275 271 268 263
324 324 321 335 328 285 323 343 342 332 324 317 314 315 320 318 315 311 318 334 338 336 331 328 324 324 326 326 324 320 320 321 321 320 319 318 316 315 312 310 306 302 298 295 289 283 275 273 270 267 262
325 325 319 321 224 274 308 327 325 321 318 314 308 306 312 313 311 306 308 331 336 331 327 323 322 322 323 326 326 324 321 320 319 318 318 317 316 315 312 310 307 304 300 297 290 282 275 273 269 266 262
325 325 318 313 195 260 289 307 313 310 311 309 300 297 303 308 307 302 305 327 332 328 325 321 319 317 316 322 325 324 322 321 320 319 318 316 315 313 311 309 306 302 299 296 290 283 273 274 271 266 261
323 323 318 295 179 200 256 276 294 298 300 299 293 292 298 305 305 301 304 315 325 322 321 318 314 310 310 317 324 323 323 322 321 320 319 318 316 313 309 308 306 302 299 296 291 285 274 274 271 266 260
320 321 320 306 171 181 244 258 275 283 286 286 286 290 298 303 302 298 294 297 311 313 313 312 307 306 306 310 319 321 323 324 323 321 320 318 315 312 310 308 306 303 300 297 290 287 277 275 274 266 259
318 319 324 355 48 180 221 257 269 301 287 282 284 291 296 301 296 288 284 285 298 301 304 305 303 305 308 308 313 316 319 322 323 321 320 318 314 312 311 309 305 301 297 295 290 287 277 275 273 267 260
317 319 325 358 22 285 201 254 271 294 279 270 276 286 291 294 283 271 268 276 285 290 295 297 296 299 307 306 309 313 316 320 320 320 319 318 315 313 312 309 304 301 298 294 288 288 278 276 272 266 259
315 317 321 338 346 253 220 244 249 252 248 259 270 279 283 282 267 256 258 265 273 278 284 286 283 284 293 294 302 306 311 316 318 318 319 317 316 313 310 307 305 301 296 292 287 280 273 271 270 265 259
313 314 314 315 302 265 242 234 236 243 238 233 257 266 272 271 256 251 253 260 266 271 276 277 272 268 281 291 297 264 299 308 315 317 318 318 317 314 311 308 304 299 295 290 285 282 278 273 268 263 257
311 310 308 304 292 276 258 247 245 246 244 234 236 256 262 260 253 252 255 259 262 267 271 270 266 262 278 292 297 301 299 307 315 317 317 316 313 312 311 307 301 295 291 288 284 279 275 271 266 261 255
310 308 306 300 292 283 271 262 255 253 246 246 227 252 254 252 253 255 257 256 256 265 258 243 257 258 274 290 300 305 302 313 317 317 317 316 314 313 310 307 304 301 297 291 284 282 274 272 268 262 257
310 308 305 300 294 287 279 271 266 260 255 251 234 247 247 244 252 258 248 252 253 256 261 259 267 270 275 287 299 306 302 311 314 315 317 316 316 314 312 308 305 299 295 289 286 282 277 273 271 264 258
310 308 305 301 296 290 284 278 272 266 261 252 243 229 241 238 246 256 257 266 270 263 269 278 282 285 282 284 297 305 297 303 309 313 319 321 323 327 323 318 310 303 297 290 285 284 279 275 275 268 261
310 308 306 303 298 292 287 282 276 270 263 253 240 224 240 235 235 244 247 272 281 278 288 294 297 300 297 289 294 293 296 302 309 313 319 322 325 323 322 315 310 302 297 291 283 278 275 272 275 269 261
311 309 307 304 300 294 290 283 279 273 261 247 230 209 234 239 233 237 244 270 269 282 292 305 312 314 314 310 310 305 306 310 318 320 327 328 328 326 321 316 315 307 300 286 16 279 277 277 275 269 260
311 310 308 306 301 296 291 285 283 274 255 235 214 205 228 240 237 240 264 282 272 284 293 310 317 319 319 323 327 316 313 318 325 327 333 331 327 324 323 317 318 313 309 295 291 287 279 276 268 267 259
312 311 309 307 302 298 293 288 286 271 257 243 214 201 229 245 257 300 319 321 298 291 294 299 307 318 319 328 346 336 329 329 333 331 332 325 322 319 321 313 315 310 306 294 287 284 278 276 275 269 260
312 311 310 308 304 300 295 293 289 273 253 240 219 209 230 253 323 351 344 326 310 302 301 301 315 331 346 27 1 341 336 333 333 334 331 328 327 324 323 316 314 309 305 295 285 281 276 274 274 269 260
314 312 312 309 305 302 300 297 288 269 256 236 218 213 227 265 340 343 326 320 314 311 311 313 334 352 14 23 347 338 336 334 334 334 331 329 326 323 323 318 315 310 303 295 286 279 274 272 272 267 259
314 313 313 310 307 305 304 302 279 267 259 244 226 220 230 299 328 327 319 317 314 311 315 329 345 356 3 353 336 333 334 332 332 331 328 329 327 326 324 319 315 310 302 293 284 277 270 271 270 266 260
315 315 314 312 310 309 309 308 286 271 266 270 242 241 268 306 320 320 318 317 313 314 322 339 350 352 356 350 340 335 333 334 334 332 330 329 328 326 324 319 315 309 302 292 281 272 266 268 269 265 260
316 316 315 313 312 312 312 309 287 273 278 302 268 268 280 302 302 307 307 308 311 314 323 338 344 346 348 343 337 331 330 332 334 333 331 330 330 327 323 318 314 309 302 293 282 272 260 264 265 261 258
317 317 315 315 314 314 312 308 285 275 291 330 326 302 297 299 303 302 305 307 310 311 316 327 334 340 345 343 340 336 333 331 331 331 329 328 328 324 322 318 314 309 302 293 280 270 256 258 258 256 254
317 317 316 316 316 315 310 304 283 276 297 326 325 331 327 309 303 302 304 307 310 309 313 324 336 342 344 342 339 337 334 331 327 325 324 324 324 322 320 317 313 309 301 291 278 267 252 254 254 252 249
317 316 316 317 318 315 309 299 287 281 291 305 309 316 312 312 309 307 307 308 311 310 316 329 338 341 342 339 335 332 330 327 324 321 319 318 320 320 319 316 312 308 301 293 279 267 248 250 250 247 245
319 317 317 319 319 315 307 296 300 292 296 300 300 301 297 305 308 310 305 304 310 310 317 329 336 340 339 336 332 329 326 324 323 321 320 320 320 320 318 315 312 306 300 292 278 267 246 247 245 242 240
318 318 319 320 319 312 309 316 311 307 306 302 294 291 288 294 302 310 314 301 309 309 317 328 334 336 336 332 329 326 322 320 319 319 319 321 319 318 316 314 312 305 299 292 278 267 246 245 241 237 236
319 320 321 321 318 310 309 305 317 323 318 311 300 293 288 290 294 305 331 305 314 315 321 327 331 332 332 329 326 323 320 319 317 317 317 319 319 319 317 315 313 308 300 291 278 265 246 244 239 235 234
320 320 321 320 317 310 302 295 319 322 320 315 308 300 296 293 295 300 323 310 316 316 316 320 322 324 326 325 324 321 318 317 316 315 317 320 321 320 318 315 312 308 303 295 281 267 248 244 238 233 231
320 319 319 319 318 315 310 305 303 306 304 306 306 304 303 304 311 314 310 306 302 298 297 302 310 316 319 320 321 320 318 317 316 318 320 321 320 320 318 316 313 309 304 298 287 273 256 248 238 232 229
320 317 315 317 325 331 327 311 294 284 297 307 309 308 306 329 319 311 306 301 298 293 290 291 299 307 313 317 318 319 317 317 319 320 321 321 320 319 319 318 316 312 308 301 292 280 266 253 240 233 229
320 317 314 317 327 333 329 311 286 266 291 306 311 309 311 321 305 289 297 293 287 289 289 286 291 302 311 315 318 318 316 318 319 320 320 320 319 319 319 318 317 314 311 303 295 282 269 255 241 234 230
320 317 313 315 326 332 327 311 279 261 285 297 304 304 310 302 293 276 262 286 282 284 288 289 296 302 307 311 316 318 317 321 322 322 321 320 318 318 318 318 316 313 311 304 296 284 270 257 243 235 232
