---
BL Wind Direction [deg] Valid 1000 PST ~Z75~(1800Z)~Z~ FRI 19 May 2017 ~Z75~[18hrFcst@1433z]~Z~
Model= RASP Region= PANOCHE Grid= d2 Reskm= 4.0 Indexs= 1 51 1 69 Proj= lambert 4000 4000 40.0000 40.0000 -73.0000 36.6487 -121.0445
Day= 2017 5 19 FRI ValidLST= 1000 PST ValidZ= 1800 Fcst= 18.0 Init= 12 Param= blwinddir Unit= deg Mult= 1 Min= 0 Max= 360
309 308 306 307 318 331 330 312 287 261 234 228 228 230 234 235 236 239 243 244 245 244 242 240 238 234 229 220 220 217 213 211 211 207 205 204 205 206 204 203 206 209 211 215 218 221 226 231 232 236 240
307 306 306 304 307 315 317 305 289 265 249 229 227 228 233 235 236 240 244 246 246 245 243 239 236 232 226 216 220 216 213 212 213 209 207 205 205 207 204 204 207 209 211 215 218 221 226 229 229 231 234
307 306 306 303 302 301 301 295 283 269 255 233 228 228 231 234 236 239 243 245 246 246 244 240 235 229 223 218 217 215 213 213 212 209 206 203 203 204 206 204 207 209 211 214 216 219 222 224 225 227 229
307 306 306 301 295 291 297 303 300 284 256 232 226 227 230 234 238 239 242 245 249 249 246 241 234 226 220 215 214 212 213 213 213 211 209 206 204 203 204 204 206 207 208 211 213 216 217 220 221 223 226
307 306 306 298 289 287 301 326 324 281 235 222 225 230 232 236 241 242 243 244 250 252 249 242 233 223 217 214 213 211 214 216 213 210 207 204 200 202 203 202 203 205 207 211 211 215 214 217 218 221 223
306 305 305 299 293 293 303 318 299 247 223 229 238 238 238 240 244 247 243 241 245 250 248 240 231 222 216 217 213 213 218 219 210 205 202 201 198 200 201 202 202 205 208 209 210 215 212 214 215 218 220
306 304 305 299 293 292 303 316 283 236 224 233 244 247 251 247 246 251 246 239 242 246 242 234 227 218 217 217 216 218 226 219 210 204 200 199 193 195 201 203 204 205 207 209 208 214 210 212 214 215 218
306 304 305 299 292 292 306 322 272 224 229 233 244 256 260 257 255 257 253 239 239 241 232 223 222 215 218 219 225 227 237 228 207 197 195 196 190 182 199 200 203 204 205 206 208 208 208 210 212 213 216
308 306 306 299 291 290 304 338 328 239 227 235 226 282 291 276 258 259 254 238 234 232 219 210 214 207 221 229 248 252 252 216 183 181 187 186 182 177 194 191 202 203 206 204 204 206 207 209 211 211 215
309 309 308 299 290 289 304 311 247 229 223 252 201 261 279 286 268 255 243 227 226 223 212 203 203 195 238 252 303 300 174 141 154 167 179 175 174 171 189 187 193 201 205 207 201 203 206 209 210 212 214
310 310 309 300 291 294 308 293 245 216 257 252 253 264 257 263 258 243 223 214 223 220 203 185 178 184 291 291 319 221 156 134 139 163 170 170 170 170 176 186 191 194 201 207 204 206 206 208 210 211 213
310 311 311 305 299 317 308 252 223 225 327 77 266 269 255 251 245 218 202 208 221 221 190 179 184 211 304 325 315 167 156 150 145 152 166 169 162 163 168 183 187 193 199 204 206 201 202 207 209 211 212
311 313 314 315 324 341 309 219 205 242 329 109 270 251 238 227 224 207 197 201 225 247 214 214 216 221 306 318 240 216 186 169 169 177 183 170 165 165 170 180 186 190 193 202 202 201 202 206 208 210 211
311 315 317 324 350 353 321 218 206 284 23 349 257 209 208 206 215 206 199 209 241 264 248 237 228 211 326 305 254 232 204 182 181 187 181 165 171 166 184 178 187 193 193 201 199 201 202 205 206 207 208
312 317 320 330 360 4 322 205 199 349 48 350 225 178 195 203 216 212 207 213 246 270 269 260 244 247 306 282 266 238 191 180 174 180 178 155 159 164 172 179 184 193 191 196 197 199 201 203 204 204 205
313 319 322 333 11 23 315 200 193 27 57 353 109 166 192 202 220 219 211 216 244 272 278 275 250 260 275 280 274 229 168 158 172 173 165 164 161 167 171 181 183 183 191 193 196 198 200 201 201 201 202
314 320 324 338 34 47 277 193 159 70 64 17 113 188 189 201 233 226 210 218 241 271 287 292 269 291 282 292 284 241 167 185 190 177 170 171 162 164 167 181 180 182 190 190 192 196 198 199 198 198 198
314 321 325 343 62 70 120 177 77 54 55 42 115 172 173 194 253 214 206 221 239 271 290 301 291 309 307 314 305 256 237 250 221 188 162 153 153 160 165 175 179 183 189 187 190 193 195 195 195 195 195
315 323 327 351 80 80 111 180 74 23 42 88 180 176 170 192 271 199 216 221 241 269 287 297 300 320 327 332 320 283 278 280 249 177 139 135 140 153 162 172 178 181 185 183 187 190 191 192 192 191 192
315 324 327 358 84 106 179 134 68 14 37 55 128 157 166 206 249 211 221 217 244 271 289 297 308 331 337 328 303 299 299 311 277 136 131 127 135 149 159 169 176 181 182 182 184 187 188 188 189 189 189
316 324 327 355 93 147 177 146 64 11 27 72 132 159 181 220 235 203 207 211 245 270 287 294 309 339 343 339 326 322 330 324 191 121 130 131 136 147 156 166 173 178 178 178 182 184 185 185 186 187 186
316 325 328 354 97 120 203 187 67 8 18 69 106 160 214 229 212 194 184 209 245 268 283 290 302 326 330 337 341 340 329 321 5 112 134 138 140 145 152 164 170 172 173 178 180 181 182 182 183 184 184
315 325 328 355 90 89 161 199 67 15 1 87 73 347 295 211 182 176 174 206 244 267 280 288 305 331 342 348 352 346 330 336 37 84 106 124 136 144 159 164 166 172 173 176 177 178 179 179 180 183 181
314 324 328 359 73 67 107 210 51 20 355 49 17 344 354 150 152 174 177 207 244 262 275 285 315 345 357 358 356 349 337 333 31 70 91 115 129 146 158 166 166 172 171 175 175 177 176 177 178 181 180
314 323 327 356 67 70 112 216 26 13 352 25 8 5 25 118 137 178 172 208 232 266 282 300 333 354 358 352 348 343 338 331 358 58 71 101 118 140 156 168 173 170 174 177 174 175 174 175 176 178 177
312 322 326 357 59 95 192 262 4 360 2 22 11 11 17 71 142 156 165 190 236 263 288 316 338 354 353 348 344 337 329 321 332 53 58 95 123 145 161 168 174 171 174 174 176 173 172 173 175 179 178
312 316 325 354 36 6 213 309 15 14 12 13 7 8 2 26 129 143 159 180 240 271 288 309 322 340 346 344 340 333 327 318 356 17 58 83 117 164 159 169 168 169 171 172 174 172 171 172 173 177 177
311 315 323 351 21 341 241 334 19 14 13 14 8 12 27 50 113 140 171 209 254 270 284 296 318 337 342 341 335 328 322 323 4 10 64 88 122 157 167 172 166 170 172 173 175 172 170 171 171 172 172
310 315 321 345 7 340 254 346 12 6 5 10 11 37 52 65 87 128 167 209 250 270 287 303 328 339 342 337 328 321 320 332 16 21 60 72 100 164 169 173 163 171 170 172 173 173 170 170 170 169 170
309 316 319 338 356 325 271 347 7 9 8 14 21 47 58 77 93 120 156 223 251 270 291 309 334 340 340 332 322 319 323 355 37 28 49 64 118 164 183 183 171 172 171 173 173 173 171 170 170 167 169
311 317 317 329 339 255 281 346 7 18 7 15 10 16 23 58 78 149 208 268 258 282 303 309 328 337 337 328 322 323 331 350 31 19 37 21 133 191 198 195 172 174 172 174 173 173 171 170 170 169 170
313 319 316 320 313 277 303 349 9 23 7 3 352 343 3 19 89 158 239 286 282 289 310 314 326 334 328 321 323 332 327 324 8 3 18 0 225 205 195 189 172 175 173 174 173 173 171 170 170 170 171
316 321 316 310 274 281 316 352 8 14 360 353 348 340 5 2 52 161 267 297 294 287 313 322 333 334 328 327 330 334 325 314 331 2 5 343 225 203 189 185 175 175 173 174 173 172 171 170 170 170 171
319 323 317 306 281 298 333 357 7 8 353 338 341 337 8 347 37 196 282 304 303 294 310 321 328 327 329 333 326 319 312 308 319 339 356 2 244 192 188 182 174 174 172 173 172 172 170 170 170 170 171
321 325 319 308 280 299 340 1 5 358 336 325 330 317 1 340 340 238 286 306 315 312 312 316 313 317 327 333 325 326 330 330 328 342 353 9 222 188 182 178 173 173 172 172 172 171 170 170 170 170 170
323 327 322 317 278 298 336 356 357 342 329 321 326 314 3 333 297 249 284 323 343 331 317 310 306 308 319 327 328 325 343 345 350 345 347 341 192 171 175 176 173 172 172 172 172 171 170 170 169 169 170
324 329 327 340 325 290 329 351 346 330 322 318 323 310 346 324 274 248 285 320 329 314 309 307 305 306 313 319 320 316 325 331 335 329 324 265 188 179 176 176 173 172 171 171 171 171 169 169 169 169 169
325 330 328 334 263 283 313 335 322 314 314 314 318 311 333 316 259 243 277 308 310 307 305 303 302 302 303 309 308 301 305 311 315 317 315 273 197 184 179 177 174 173 172 171 170 170 169 168 168 168 168
326 331 332 336 193 285 294 310 305 307 312 308 302 301 317 306 249 237 276 307 302 305 304 301 300 299 301 304 302 303 310 313 313 310 307 273 202 185 181 178 175 173 172 171 170 170 168 168 167 167 167
325 332 336 350 104 11 283 288 294 299 308 306 295 297 302 296 238 240 287 307 305 308 303 300 299 300 306 301 297 304 316 319 313 312 301 259 212 192 185 179 175 174 172 171 170 169 168 167 168 168 167
325 333 342 10 70 34 295 287 292 296 308 314 313 302 298 281 235 249 279 294 298 305 299 296 294 299 311 303 300 308 316 317 310 303 281 239 209 190 185 181 177 174 172 170 169 169 167 167 167 168 167
325 332 344 15 32 23 273 305 300 318 306 317 316 314 308 272 238 248 274 285 296 303 297 292 289 299 319 309 312 310 319 320 314 305 269 223 206 194 187 182 177 174 172 170 169 168 166 167 166 167 166
325 332 342 6 11 342 275 312 319 294 297 292 300 303 285 251 236 236 264 276 293 298 289 285 285 299 319 312 316 313 320 319 316 304 266 219 196 190 186 182 176 174 171 169 168 167 166 166 165 164 164
324 330 337 351 351 328 308 280 256 246 249 268 283 287 283 248 229 230 260 273 286 289 279 269 265 276 286 297 300 304 301 306 307 296 249 211 194 190 185 180 177 174 171 169 167 167 165 165 164 163 163
322 326 328 332 329 313 284 258 249 253 247 237 267 277 281 248 226 237 257 268 274 276 270 257 247 253 266 281 287 48 290 299 301 284 232 203 192 186 178 177 175 173 170 169 168 167 165 165 164 164 164
319 319 320 319 315 306 290 272 261 255 255 242 251 265 266 243 229 242 254 261 264 267 273 255 240 245 258 273 283 293 295 310 305 273 217 197 188 182 179 177 173 172 170 169 168 167 165 165 165 166 166
316 315 314 312 308 302 291 278 267 261 253 257 239 260 258 239 231 246 253 250 251 253 48 303 242 245 253 271 279 278 281 304 313 280 208 187 183 177 177 171 172 171 170 168 168 166 165 165 166 167 168
315 313 311 309 305 301 293 283 273 266 258 259 244 271 252 239 236 243 250 240 235 229 233 251 256 248 249 274 286 281 280 296 315 297 187 181 173 172 169 169 171 171 169 168 169 168 166 166 167 168 170
314 312 309 307 304 300 292 283 275 268 262 257 252 263 242 227 232 235 248 238 213 211 234 259 265 253 245 274 289 287 287 303 323 315 177 174 174 172 171 171 170 170 169 169 167 166 166 167 168 169 171
315 311 308 306 303 299 292 284 276 269 262 254 249 261 239 217 216 224 249 232 193 202 242 265 276 263 247 273 285 280 279 301 324 305 172 165 165 165 165 168 169 169 168 167 166 166 165 167 168 170 172
314 311 309 307 303 299 292 283 277 272 259 245 242 242 227 203 208 222 234 213 189 202 237 271 284 279 261 276 284 279 281 337 12 21 119 154 159 160 163 165 167 167 167 167 190 167 166 167 169 171 173
314 312 309 307 303 300 293 284 283 273 247 230 225 213 204 198 211 232 225 196 187 198 235 276 289 285 280 279 281 275 280 344 24 47 104 148 156 156 157 162 165 166 165 166 166 166 166 167 172 171 173
314 312 310 307 303 300 294 287 292 263 225 192 185 186 195 209 236 264 208 171 185 198 237 269 295 293 297 290 283 277 303 347 36 46 80 138 148 151 154 160 162 163 163 164 164 164 165 167 168 170 172
315 313 311 308 304 301 295 295 297 244 202 185 181 187 200 229 298 303 174 175 186 202 244 270 308 313 316 313 297 296 316 341 21 46 69 124 137 148 152 157 159 161 162 163 163 163 165 166 167 168 171
316 313 312 309 305 302 301 303 292 233 185 179 180 188 202 246 317 308 5 187 189 218 251 273 332 343 334 333 333 320 323 346 355 25 68 118 135 146 148 155 157 159 160 161 161 162 164 164 166 167 170
316 314 314 310 306 305 310 307 264 217 178 182 178 193 208 272 304 292 333 245 200 230 257 280 342 348 339 345 351 338 334 346 354 15 55 108 132 143 148 153 156 158 159 160 160 161 162 163 165 166 169
317 315 315 312 309 309 319 311 250 221 246 211 191 220 226 286 296 328 338 298 216 241 266 295 345 346 340 346 349 343 344 347 355 13 44 105 128 141 147 151 155 158 158 159 159 160 161 162 164 165 168
318 317 317 314 312 314 325 313 251 234 291 253 229 264 249 277 285 314 333 289 231 242 265 314 345 346 345 351 353 346 340 340 353 18 37 94 123 139 146 151 154 157 158 159 158 159 160 162 163 165 168
319 318 318 316 315 317 328 314 249 250 302 294 275 276 263 257 333 7 38 246 234 233 269 317 342 347 351 355 347 336 329 328 338 356 44 92 120 139 146 151 153 156 157 158 158 159 159 161 162 165 168
320 319 319 318 317 317 322 311 246 262 291 287 281 284 263 21 20 51 72 155 222 236 279 317 342 350 353 353 349 340 333 334 335 355 39 94 120 139 146 151 153 155 157 158 158 159 159 161 162 165 167
321 320 319 319 318 315 313 296 246 265 290 292 286 291 266 18 38 68 97 141 215 249 301 325 344 351 351 350 347 339 335 338 338 352 43 89 118 138 145 150 152 154 156 158 158 159 160 161 162 165 167
322 320 320 319 318 312 303 244 251 283 297 297 295 294 287 353 34 89 124 130 188 292 313 326 341 350 349 347 342 334 333 335 339 352 55 96 119 138 146 150 152 154 156 158 159 160 161 162 163 165 166
321 321 320 319 316 309 298 265 260 292 304 302 298 292 297 316 352 152 147 158 235 302 313 326 339 344 342 340 337 331 330 330 332 347 68 105 124 138 145 149 152 155 157 159 161 162 162 163 164 165 166
321 321 321 319 314 305 303 302 278 308 315 311 303 295 295 293 249 162 359 178 230 295 317 330 337 338 336 335 332 328 326 325 329 344 80 106 123 137 145 150 155 157 158 160 162 163 164 165 165 165 165
321 321 321 319 313 303 292 239 292 316 324 324 314 303 300 288 214 182 91 189 205 293 320 327 331 331 332 331 329 326 325 324 330 342 108 117 125 133 141 149 154 159 161 162 164 165 166 167 166 166 166
322 320 320 318 313 305 296 264 287 299 315 324 321 317 317 325 338 203 181 194 238 274 298 309 317 322 325 327 328 328 329 331 340 15 78 113 126 136 144 151 156 159 161 163 164 165 166 167 167 167 167
323 321 318 318 319 318 311 291 276 271 318 333 334 337 343 350 337 318 285 252 248 263 271 278 295 305 311 320 327 330 335 345 360 23 69 109 126 140 149 154 158 160 162 163 165 166 167 168 168 169 169
323 320 317 319 321 321 312 292 267 261 324 334 337 346 348 344 311 286 249 234 235 262 270 266 282 292 289 315 330 334 343 357 11 42 87 120 129 142 152 157 160 161 162 164 165 166 168 168 169 170 170
323 320 317 318 320 322 313 292 267 259 323 336 339 344 333 318 298 284 266 239 238 259 269 269 291 300 300 315 329 337 353 8 21 54 99 124 137 149 156 159 161 162 162 164 166 167 168 169 170 171 172
