---
BL Wind Direction [deg] Valid 0700 PST ~Z75~(1500Z)~Z~ FRI 19 May 2017 ~Z75~[15hrFcst@1429z]~Z~
Model= RASP Region= PANOCHE Grid= d2 Reskm= 4.0 Indexs= 1 51 1 69 Proj= lambert 4000 4000 40.0000 40.0000 -73.0000 36.6487 -121.0445
Day= 2017 5 19 FRI ValidLST= 700 PST ValidZ= 1500 Fcst= 15.0 Init= 12 Param= blwinddir Unit= deg Mult= 1 Min= 0 Max= 360
332 330 328 328 330 349 117 106 95 83 78 70 71 78 83 89 96 102 111 116 119 121 119 117 116 115 114 114 110 115 124 141 164 180 162 131 135 145 151 152 153 153 155 160 165 173 181 190 195 201 207
330 328 326 322 317 313 14 79 78 74 73 68 70 77 82 86 93 99 109 113 117 119 115 111 110 109 110 112 109 114 124 142 161 179 163 132 132 145 150 150 150 151 154 159 165 173 179 188 192 197 201
325 321 316 311 307 308 328 24 56 65 67 70 72 74 77 80 86 93 102 108 112 113 110 107 106 106 107 109 110 116 124 138 156 166 155 137 134 140 147 147 149 151 154 159 164 170 176 183 187 191 195
318 310 304 299 299 307 325 5 71 66 66 67 67 66 68 72 76 79 79 94 104 107 106 104 103 104 106 109 113 118 124 133 143 148 148 142 139 140 142 145 149 153 157 160 164 168 172 176 180 184 189
315 306 300 295 292 296 308 333 71 68 66 64 62 59 58 64 67 63 29 65 97 102 100 99 100 102 105 108 113 118 125 134 143 146 143 133 129 141 144 148 150 152 156 160 163 166 169 173 175 179 184
312 305 300 296 293 290 291 287 2 69 64 64 61 59 58 61 64 65 13 343 88 100 98 95 96 99 105 110 112 117 128 139 149 150 138 112 91 119 137 146 150 152 156 159 161 165 168 170 171 175 181
311 305 300 295 288 285 291 283 297 69 65 63 61 62 65 66 66 65 49 284 262 99 97 92 93 96 103 109 110 115 129 146 152 146 123 88 64 86 122 138 148 153 156 157 160 164 166 169 170 174 178
309 305 300 293 284 280 280 277 273 70 65 61 61 64 71 75 76 74 21 280 260 101 97 91 92 96 104 106 106 113 132 146 149 138 116 84 65 86 111 130 144 152 155 156 159 162 163 166 169 172 176
308 304 301 290 278 274 275 271 260 67 61 57 58 61 68 78 81 62 311 277 263 101 97 92 93 99 108 108 105 117 140 146 139 126 110 78 69 93 104 122 139 149 153 154 157 159 161 164 167 169 173
306 304 301 288 270 262 268 264 255 61 57 55 61 57 43 69 76 337 300 278 264 99 98 93 94 104 114 116 112 126 136 131 116 105 99 50 65 91 103 120 133 146 151 154 155 156 158 162 164 167 171
306 304 304 290 245 209 263 264 239 58 56 61 79 65 300 277 276 305 296 282 274 127 102 93 96 109 124 126 115 120 120 104 75 8 303 346 54 80 97 115 129 141 149 152 152 154 156 159 162 165 168
306 306 309 308 128 102 253 256 209 61 66 80 110 309 307 271 262 274 298 283 272 261 107 98 102 113 123 119 100 103 99 87 347 305 291 315 35 81 100 111 126 139 147 150 152 153 155 157 160 163 166
307 310 319 17 104 73 80 228 72 67 76 97 125 304 291 284 271 284 298 283 270 241 119 106 108 114 118 115 100 95 109 254 269 275 269 277 20 97 103 110 124 136 143 147 149 151 153 156 159 162 165
309 315 332 47 91 66 72 65 62 69 81 105 144 269 284 286 269 266 277 274 252 184 128 112 113 113 112 109 112 265 261 263 268 267 255 255 131 122 113 109 119 132 141 145 146 149 152 155 157 160 163
311 321 347 53 82 61 66 66 63 69 84 112 158 261 290 291 271 259 246 238 218 142 114 109 114 108 102 109 222 267 271 293 298 270 259 63 94 113 105 108 120 135 140 142 145 148 152 154 156 157 161
314 328 0 56 76 58 62 66 66 71 90 118 175 278 307 302 275 248 216 200 213 224 128 110 111 93 97 107 222 233 294 315 284 262 289 49 95 106 103 104 119 131 138 141 144 147 151 153 154 156 159
316 334 9 58 75 61 61 61 59 63 86 117 192 293 315 304 255 212 188 170 206 239 178 102 91 87 100 111 134 153 275 279 262 266 9 39 93 102 106 109 120 129 138 141 143 146 149 151 153 155 158
317 335 9 59 76 65 66 61 56 57 79 197 247 285 318 283 215 181 157 150 181 211 232 117 153 97 105 120 137 169 271 247 186 168 20 30 85 91 98 106 119 130 137 140 142 145 148 150 151 154 157
318 337 5 56 75 67 70 67 64 67 85 278 269 312 113 201 203 183 137 143 163 209 245 221 161 112 114 133 154 232 244 175 174 172 171 62 83 86 97 108 119 129 136 139 141 143 146 148 150 153 157
318 336 357 49 73 63 74 72 74 86 358 280 312 137 152 195 203 168 130 143 166 216 230 180 148 119 132 149 171 188 178 177 175 170 127 84 90 89 102 110 119 128 134 138 140 142 143 146 149 152 156
317 333 348 38 79 62 76 73 79 90 304 294 85 129 154 195 197 120 131 143 160 216 203 158 150 139 130 145 159 178 193 185 174 126 73 85 101 101 109 113 119 127 132 136 138 140 142 144 148 152 156
316 331 341 33 88 69 75 76 81 82 0 27 103 138 181 210 167 119 136 145 165 258 204 167 164 180 162 189 219 231 212 178 141 87 80 98 113 112 113 115 119 124 130 136 138 139 141 143 147 150 154
313 326 336 31 99 74 76 78 82 83 63 312 149 167 209 232 134 128 146 155 199 283 226 173 166 190 203 227 271 277 204 128 96 83 71 128 127 120 117 115 118 124 130 135 137 138 140 143 147 149 153
311 323 337 35 70 60 69 70 73 73 318 194 154 187 232 245 92 131 150 167 213 249 236 162 164 199 205 228 284 283 162 129 127 94 45 107 124 118 114 115 118 124 129 134 136 138 140 144 147 149 152
309 319 328 11 29 26 50 62 60 53 4 125 153 194 240 117 103 140 155 169 166 246 217 156 182 220 208 211 249 259 154 147 158 140 49 90 112 110 110 113 119 122 129 134 136 138 141 145 147 149 151
307 316 320 333 339 329 347 65 59 71 89 81 129 183 253 121 133 145 153 162 176 224 176 158 199 233 207 204 222 235 151 167 174 126 58 83 97 98 104 112 120 125 131 135 137 139 143 146 148 149 151
306 315 317 333 58 132 224 191 72 93 79 41 93 186 284 108 145 142 144 154 191 211 189 180 199 219 204 205 213 217 208 197 217 68 73 83 91 98 102 112 121 125 130 135 138 141 144 147 148 149 151
305 314 318 341 115 129 179 141 70 79 55 50 103 163 72 81 130 141 148 164 194 197 173 161 170 208 218 217 213 215 217 224 74 78 82 80 83 90 101 115 122 128 133 138 141 143 145 148 149 149 151
305 315 323 11 74 86 98 72 69 71 59 83 142 220 306 61 120 130 138 129 149 172 154 149 178 219 238 229 203 189 170 53 69 80 80 76 87 93 104 118 125 131 135 139 142 144 146 148 149 149 150
306 316 325 5 43 41 66 66 69 235 240 229 244 260 258 55 110 113 95 67 53 176 169 169 197 229 249 228 196 238 281 286 341 328 90 78 85 96 107 119 128 134 137 141 143 144 146 148 148 149 150
307 318 326 353 42 30 58 69 54 39 352 217 239 254 259 105 123 124 104 78 38 8 148 172 206 234 252 228 40 313 275 279 19 18 52 70 80 101 119 129 132 135 139 142 144 145 146 147 148 148 148
310 321 329 1 59 58 225 23 27 24 13 333 245 255 253 129 129 136 136 172 197 313 229 173 215 246 249 294 230 276 253 167 68 12 39 55 77 103 119 127 132 137 141 143 145 145 146 147 147 147 148
313 323 331 359 55 62 219 4 20 22 16 356 256 288 264 123 127 133 130 165 199 271 177 167 231 275 270 284 267 230 220 198 144 34 39 48 75 103 115 123 132 138 142 144 145 146 146 147 147 148 148
316 325 332 340 43 16 260 19 26 32 31 221 176 312 23 111 126 128 121 205 211 203 157 175 274 293 293 338 5 321 243 203 90 76 40 40 70 104 116 124 132 138 142 145 147 147 148 148 148 148 148
320 328 334 348 63 46 298 29 37 81 184 178 170 324 71 105 132 132 131 216 215 189 165 182 267 270 287 317 342 349 350 42 90 75 33 37 67 104 117 124 132 138 142 146 148 149 150 149 149 149 149
322 331 336 343 39 21 321 43 53 159 192 137 69 100 82 104 145 146 147 200 221 191 170 182 190 152 320 338 335 336 4 21 42 57 30 46 72 103 118 126 133 138 143 146 149 151 152 151 150 150 149
325 334 340 1 62 22 259 54 99 156 139 132 72 122 96 5 171 155 150 190 230 217 167 154 122 115 334 349 338 304 311 8 46 62 56 64 81 106 120 128 135 139 143 146 150 152 154 153 151 151 150
328 337 343 357 80 20 108 85 147 149 133 137 170 155 116 333 253 144 146 202 223 297 147 128 116 8 20 13 3 333 315 2 94 101 88 84 93 111 125 133 138 141 144 147 150 153 155 154 152 151 150
332 341 345 351 93 28 94 124 177 151 131 123 170 167 346 319 288 129 143 210 239 344 126 120 104 55 24 31 20 13 6 48 99 114 106 99 104 118 131 138 141 142 144 147 151 153 155 154 151 150 149
335 345 350 2 46 62 104 131 163 150 131 116 150 111 333 307 227 123 155 209 320 54 124 76 62 38 25 321 288 353 11 40 81 106 105 103 111 124 136 141 142 142 145 148 151 153 155 153 150 148 146
337 347 354 14 21 17 83 90 5 68 91 45 46 358 316 298 143 125 170 218 53 63 73 349 333 25 29 14 341 325 346 17 58 109 106 104 113 125 136 142 144 144 146 149 152 153 154 152 148 146 144
336 346 354 14 18 9 13 32 354 332 26 11 350 324 312 293 184 138 185 227 38 352 314 315 321 27 33 25 8 354 1 8 19 104 116 101 106 122 135 142 145 146 148 150 152 152 153 151 147 145 144
335 343 352 7 14 6 356 7 4 322 317 293 307 308 305 290 252 148 208 215 355 328 314 312 20 17 46 46 3 345 358 9 15 52 101 101 107 122 135 143 147 148 149 151 151 151 153 151 147 144 143
333 340 347 359 4 4 5 356 276 269 298 277 293 300 307 300 294 132 130 48 8 325 305 300 345 25 72 82 352 339 343 349 7 38 89 101 109 124 137 144 148 150 151 152 151 154 154 152 147 144 144
331 336 342 348 350 350 346 324 288 291 304 277 291 291 307 333 15 50 59 25 6 329 290 288 294 48 75 80 4 5 21 24 25 49 86 101 111 125 137 146 150 151 154 158 158 155 155 154 148 146 146
330 332 335 336 338 340 335 322 307 308 324 338 314 305 342 33 48 59 55 30 12 310 288 347 32 46 60 63 40 41 35 32 40 51 94 105 112 124 138 146 151 154 157 161 163 157 157 157 152 150 149
328 329 330 328 329 331 329 320 311 313 326 340 337 356 38 60 68 69 58 42 1 295 14 47 49 40 29 342 70 40 17 15 24 40 95 111 114 125 139 146 153 157 160 162 165 159 161 160 156 153 152
328 327 327 324 323 325 323 319 312 311 323 351 9 12 60 73 81 81 52 52 9 258 199 92 63 42 22 3 62 16 354 352 1 32 86 115 117 125 137 146 154 160 163 165 167 168 165 164 159 155 154
327 326 324 322 321 320 317 311 303 294 294 312 3 6 75 101 109 110 87 73 156 226 167 108 87 20 343 355 29 13 342 335 344 25 78 120 124 126 138 147 156 161 165 167 165 166 170 170 161 156 152
326 325 322 320 319 316 309 300 285 265 252 243 321 348 108 166 148 103 90 113 163 205 135 112 75 336 319 349 22 12 339 330 345 42 82 120 130 132 138 148 155 160 164 165 164 166 169 173 162 156 152
326 324 321 320 318 312 303 290 271 253 244 236 260 298 128 169 131 66 71 136 174 191 129 97 32 327 325 4 40 28 0 346 11 87 95 123 133 133 140 147 154 159 162 165 176 170 171 171 164 158 152
325 323 321 319 317 309 299 285 267 254 249 241 233 236 161 154 143 62 49 142 171 186 147 79 40 348 338 75 99 47 22 6 34 101 113 129 138 140 141 147 153 158 161 162 165 169 173 172 168 159 153
325 323 320 318 315 307 299 287 268 249 206 142 190 211 192 135 138 129 43 139 161 177 178 81 49 356 346 94 74 43 35 23 26 88 129 137 144 144 143 149 154 158 161 162 163 167 172 171 163 156 150
325 323 320 316 312 306 300 289 269 201 143 118 144 212 211 141 242 208 70 132 150 166 169 76 72 346 343 15 21 16 17 17 15 43 143 146 149 148 147 150 155 159 162 163 163 165 170 169 161 152 147
325 324 320 315 310 306 301 292 273 195 117 90 91 226 208 256 277 278 96 126 144 162 174 35 338 333 338 342 332 338 351 1 1 3 156 154 151 150 149 152 155 159 162 163 163 163 167 165 158 153 149
326 324 320 315 310 307 303 299 269 224 89 51 32 210 184 287 280 279 111 125 138 162 153 358 339 327 329 345 307 313 337 356 351 322 165 154 151 151 150 152 156 159 161 162 161 160 162 160 154 152 147
326 324 320 315 310 308 306 309 241 223 91 36 13 128 148 285 274 249 38 125 132 150 137 344 336 323 318 175 252 294 329 351 353 198 162 151 150 152 151 151 157 159 160 160 158 156 156 154 149 148 145
326 324 320 316 312 311 308 309 237 223 345 16 21 100 134 266 258 44 31 118 146 172 310 358 350 317 323 180 325 334 329 326 330 144 152 144 147 152 153 153 155 157 158 158 155 152 150 147 144 143 141
326 324 319 316 314 312 307 304 230 243 341 355 336 136 323 241 257 52 32 357 204 213 312 17 5 329 337 353 338 329 320 309 302 150 137 138 146 153 154 154 155 155 156 155 152 148 145 141 139 139 136
326 323 318 316 315 310 303 297 206 183 349 314 83 104 304 248 18 59 360 321 225 209 307 16 5 348 347 349 334 319 314 304 288 162 140 143 149 154 153 153 154 154 154 153 150 146 141 136 134 134 131
326 322 317 316 314 307 299 291 191 144 11 30 56 50 324 210 73 49 329 332 269 196 312 6 8 354 349 342 324 310 311 312 297 147 143 148 151 152 151 152 154 154 153 152 149 145 139 133 132 130 125
326 322 317 315 312 303 294 280 179 173 341 21 35 34 322 264 56 66 33 29 256 194 326 25 21 4 348 334 317 304 306 313 65 143 145 150 151 150 150 152 154 154 153 151 150 147 140 132 130 127 120
327 322 317 314 310 300 291 274 185 196 31 35 23 16 274 255 343 91 96 31 175 204 341 31 35 23 3 336 310 299 302 308 346 143 147 148 148 148 148 150 153 155 155 154 154 151 144 135 130 126 120
327 323 318 314 309 299 284 253 216 58 38 30 18 337 253 245 227 106 78 163 177 188 26 38 49 43 30 344 306 296 297 310 348 141 147 147 147 146 147 149 153 156 158 158 157 156 149 139 132 127 120
328 324 320 316 310 301 279 239 318 22 29 21 7 324 288 269 238 166 135 141 96 29 20 31 43 50 49 356 319 302 299 308 354 144 148 145 140 140 143 147 153 157 161 164 167 166 153 140 134 128 120
330 327 325 321 313 305 292 276 304 346 9 14 6 346 318 303 296 144 140 132 37 20 26 34 46 53 57 7 340 322 315 319 60 132 139 139 138 141 145 149 155 159 162 164 166 162 153 143 136 129 121
331 331 331 328 321 310 298 288 279 271 14 48 44 42 343 334 355 29 62 46 38 52 65 70 72 66 97 21 1 352 351 21 83 113 124 128 133 140 147 153 158 162 165 167 168 164 156 147 138 129 121
332 333 333 331 326 316 298 281 277 266 0 37 14 29 350 355 342 348 81 62 75 81 85 91 100 102 111 111 23 14 15 33 76 106 117 123 129 139 148 155 160 164 167 171 171 169 161 151 140 128 122
332 333 334 332 327 320 309 291 284 272 357 36 20 49 310 312 339 343 58 58 83 88 90 92 94 91 99 89 8 11 12 20 52 96 113 119 127 138 148 155 161 165 168 174 176 175 167 155 142 131 123
