---
BL Depth [ft] Valid 1600 PST ~Z75~(0000Z)~Z~ FRI 19 May 2017 ~Z75~[24hrFcst@1443z]~Z~
Model= RASP Region= PANOCHE Grid= d2 Reskm= 4.0 Indexs= 1 51 1 69 Proj= lambert 4000 4000 40.0000 40.0000 -73.0000 36.6487 -121.0445
Day= 2017 5 19 FRI ValidLST= 1600 PST ValidZ= 000 Fcst= 24.0 Init= 12 Param= dbl Unit= ft Mult= 1 Min= 33 Max= 9395
33 33 33 33 33 33 33 33 33 165 1305 2610 2561 2662 2771 2792 2816 2953 3411 3696 4101 4400 4856 5195 5641 6429 7422 8170 8569 8795 8974 9210 9292 9322 9301 9319 9374 9381 9395 9309 9233 9155 8942 8728 8504 8056 7771 7539 7433 7400 7443
33 33 33 33 33 33 33 33 33 34 339 2157 2457 2536 2643 2781 2821 2962 3311 3631 4047 4368 4666 4891 5416 6208 7454 8423 8620 8823 9005 9151 9201 9197 9173 9179 9196 9240 9270 9214 9158 8984 8827 8653 8391 8075 7817 7533 7391 7344 7377
33 33 33 33 33 33 33 33 33 34 142 1753 2404 2489 2557 2725 2809 2942 3229 3678 4070 4325 4512 4767 5375 6296 7884 8485 8660 8798 8890 8944 8917 8962 8941 8977 8952 9014 9118 9056 8953 8816 8693 8575 8255 8055 7776 7531 7329 7270 7286
33 33 33 33 33 33 33 33 33 34 34 1847 2434 2460 2479 2581 2750 2884 3223 3660 4081 4167 4570 4915 5465 6625 8185 8584 8745 8854 8832 8744 8689 8675 8638 8647 8665 8746 8854 8835 8811 8723 8619 8368 8133 8026 7552 7439 7256 7197 7219
33 33 33 33 33 33 33 33 33 33 1365 2822 2767 2484 2453 2481 2601 2822 3219 3624 4169 4232 4381 4677 5188 6927 8562 8789 8878 9281 9137 8605 8503 8429 8349 8332 8353 8561 8663 8651 8716 8698 8645 8330 8052 7964 7507 7365 7187 7130 7168
33 33 33 33 33 33 33 33 33 587 2540 2845 2585 2409 2325 2436 2640 3046 3563 4040 4150 4283 4361 4556 5160 7904 8617 8745 8752 8877 8700 8449 8221 8213 8192 8239 8205 8303 8531 8570 8578 8613 8610 8208 7826 7647 7380 7290 7112 7066 7098
33 33 33 33 33 33 33 33 33 668 2766 2788 2424 2126 2114 2324 2677 3226 3738 4153 4529 4567 4537 4639 6005 8413 8663 8788 8743 8790 8426 8050 8064 8141 8207 8142 8052 8075 8292 8356 8238 8374 8576 8134 7696 7520 7124 7110 7044 7014 7025
33 33 33 33 33 33 33 33 380 993 2697 2491 2104 1913 2051 2314 2825 3402 4141 4475 4803 4840 4694 4962 7237 8527 8831 8860 8722 8736 8004 7928 7939 8089 8133 8007 7905 7889 8150 8278 8097 8074 8202 8001 7583 7170 7124 7049 6988 6942 6950
33 33 33 33 33 33 33 33 33 649 2430 2159 1770 1750 2086 2557 3108 3720 4214 4623 4874 4955 4875 6734 8504 8585 8878 8784 8680 8291 7655 7622 7870 8066 8013 7813 7732 7795 7973 8100 8053 8033 8044 7603 7192 7047 7119 6998 6888 6873 6828
33 33 33 33 33 33 33 33 33 711 2222 1876 1550 1723 2363 2886 3286 3722 4137 4424 4556 4657 6702 8638 8540 8548 8824 8618 8362 7419 7353 7574 7961 7978 7762 7461 7489 7580 7701 8016 7769 7763 7693 7664 7094 6968 7041 6899 6811 6705 6719
33 33 33 33 33 33 33 33 482 2044 2030 1684 1465 1912 3204 3353 3365 3513 3841 4003 3895 4649 8588 8657 8492 8621 8726 8586 8221 7346 7515 7990 8017 7742 7558 7405 7497 7589 7505 7720 7575 7506 7460 7465 7049 6983 6950 6912 6635 6581 6592
33 33 33 33 33 33 33 33 642 2041 1709 1377 1544 2970 3849 3782 3669 3696 3915 4035 4225 6914 8722 8608 8459 8512 8506 8546 7833 7764 7999 8056 7793 7733 7477 7453 7496 7499 7509 7581 7485 7435 7235 7308 7151 6882 6724 6591 6519 6448 6447
33 33 33 33 33 33 33 746 2328 2285 1735 1437 1851 3588 4001 3815 3747 3699 4210 4539 5915 8753 8726 8520 8258 8135 8111 8301 7884 8183 8213 7978 7992 8033 7643 7448 7491 7454 7467 7428 7379 7302 7067 7121 6807 6669 6578 6453 6336 6245 6179
33 33 33 33 33 33 33 1091 2487 2339 1893 1790 2263 3571 3760 3754 3491 3495 4327 6415 8828 8730 8559 8526 8332 8047 8060 8238 8136 8321 8188 8057 8003 7940 7554 7387 7461 7466 7512 7350 7365 7388 7144 7049 6764 6624 6519 6343 6182 6096 6021
33 33 33 33 33 33 33 1782 2347 2300 2049 2109 3048 3686 3761 3831 3637 3477 5509 8828 8716 8521 8443 8456 8325 8003 8089 8226 8232 8089 8117 8108 7875 7700 7566 7450 7421 7449 7359 7445 7459 7495 7176 6800 6646 6530 6315 6179 6039 5903 5781
33 33 33 33 33 33 34 1811 2230 2194 2228 2816 3526 3777 3977 4306 4150 5986 8615 8700 8598 8482 8319 8240 8105 7974 8171 8560 8140 7942 8008 8093 7985 7579 7486 7560 7491 7453 7404 7430 7396 7286 7192 6853 6574 6324 6173 6075 5860 5732 5648
33 33 33 33 33 33 34 1855 2112 2071 2257 3188 3403 3515 3735 4250 7069 8085 8292 8562 8546 8396 8236 8161 8004 7963 8168 8768 8073 7885 7938 8095 7926 7485 7447 7535 7512 7449 7405 7473 7298 7180 7039 6689 6411 6252 6083 5969 5795 5674 5514
33 33 33 33 33 34 34 1815 2018 2117 2586 3525 3522 3561 3350 5892 7757 7441 7952 8468 8427 8231 8184 8068 7881 7781 7949 8246 8223 7900 8027 7984 7472 7112 6891 7269 7461 7468 7462 7454 7219 7110 6952 6593 6391 6215 6096 6005 5801 5678 5482
33 33 33 33 33 34 34 1997 1987 2141 3373 4048 4175 3955 5143 7854 6915 7204 7845 8229 8010 7938 7941 7340 7270 7390 7509 7899 7816 7911 7904 7358 6716 6403 6476 7140 7461 7548 7533 7490 7194 7059 6864 6651 6485 6286 6134 6083 5855 5716 5522
33 33 33 33 33 34 1688 2213 1922 2112 3234 3799 4658 7771 7861 6924 6573 6777 7521 7927 7899 7885 7919 7290 7323 7361 7410 7745 7831 7935 7402 6460 5909 6090 6749 7219 7488 7568 7514 7466 7223 7090 6815 6775 6569 6496 6225 6128 5930 5752 5551
33 33 33 33 33 34 1358 1907 1889 1933 2510 3552 7522 7530 6835 6099 5981 6351 7446 7589 7524 7615 7763 7438 7349 7355 7428 8120 7822 7747 6351 5886 5988 6514 7034 7302 7498 7548 7452 7385 7268 7123 6847 6772 6655 6594 6424 6212 6076 5833 5645
33 33 33 33 33 33 34 1690 1819 1706 2372 6373 7337 6806 6166 5480 5152 5367 6866 6911 6881 6950 7097 7286 7334 7358 7636 7923 7713 6236 5863 5926 6613 6977 7194 7298 7436 7487 7347 7283 7245 7079 6746 6828 6778 6616 6529 6241 6117 5914 5714
33 33 33 33 33 33 34 1688 1675 1588 3911 6902 6235 5856 5019 4589 4085 4230 5375 5915 5969 6275 6424 6465 6868 7132 7110 6762 6102 5576 5804 6484 7023 7100 7219 7111 7237 7434 7497 7257 7119 7068 6754 6740 6764 6623 6559 6266 6137 6076 5704
141 33 33 33 33 33 34 1631 1677 1937 5830 6383 5603 4677 4174 3795 3241 3412 4333 4793 5080 5539 5876 5934 6452 6570 6749 6688 5841 5586 5904 6714 6929 6863 6952 6952 7102 7452 7514 7283 7096 7031 6771 6766 6782 6670 6580 6291 6136 5978 5733
160 33 33 33 33 34 34 1756 2024 4770 6338 6140 4722 3759 3590 3231 2732 3091 3428 3852 4207 5015 5325 5534 6079 6273 6942 6596 5863 5886 6356 6409 6351 6317 6819 6980 7185 7469 7534 7288 7114 6940 6864 6796 6767 6624 6593 6261 6127 6058 5735
177 33 33 33 33 34 1679 2150 2574 5687 6294 5370 3994 3516 3278 2647 2280 2618 3033 3146 3999 4732 5118 5597 6148 6558 7157 6627 6359 6535 6580 6379 6091 6350 6955 7131 7346 7497 7520 7244 7069 6961 6815 6687 6784 6615 6591 6292 6152 6076 5816
191 33 33 33 33 34 1679 1983 2581 5513 5406 3906 3499 3591 3205 2280 2099 2394 2771 2957 3905 5018 5544 6229 6835 7033 7278 6815 6858 6911 6690 6429 6350 6728 7013 7252 7413 7517 7503 7191 7009 6842 6682 6661 6672 6596 6580 6352 6193 6122 6001
201 33 33 33 33 34 1666 1894 2963 5173 4394 3601 3987 4308 3346 2159 2043 2315 2620 3059 4210 5811 6427 7393 7467 7512 6852 6848 7223 7127 6876 6713 6774 6988 7150 7266 7183 7305 7455 7147 6954 6742 6643 6637 6648 6581 6572 6500 6311 6229 6150
217 33 33 33 33 34 1467 1890 3856 5355 4803 4428 4695 4807 3556 1811 1951 2355 2392 2941 4614 6664 7395 7400 7460 7235 6389 6703 6862 7127 7378 7075 7044 7158 7186 7249 7102 7179 7299 7078 6737 6636 6530 6530 6514 6583 6582 6523 6418 6323 6232
222 33 33 33 33 34 1578 2381 4822 5434 5063 5024 4943 4918 3544 1558 1887 2157 2307 2921 4842 6781 6664 6866 6886 6908 6354 6496 6859 7481 7560 7450 7032 7195 7226 7126 7040 7061 7185 7016 6684 6546 6531 6559 6530 6532 6544 6517 6431 6374 6293
237 33 33 33 33 34 2032 3356 4960 5434 4860 4476 4314 4323 2383 1529 1998 2089 2252 2770 4418 6018 6307 6374 6411 6376 6300 6652 7065 7581 7602 7086 6837 7026 7127 7176 7053 7087 7114 7003 6646 6551 6533 6529 6481 6507 6522 6432 6425 6365 6300
182 33 33 33 34 1471 2674 4087 4347 3621 3155 3209 3095 3360 1800 1654 1790 1903 2157 2848 4381 5704 5955 5641 5582 5656 5940 6627 7048 7147 6998 6653 6549 7021 7185 7134 7070 7101 7024 6974 6634 6592 6556 6512 6420 6469 6478 6434 6395 6355 6309
149 33 33 34 34 1895 3057 3891 3719 2897 2387 2509 2639 2754 1629 1650 1741 1787 2033 3058 4378 5469 5538 5059 4770 4875 5821 6619 7249 6991 6493 6501 6609 7050 7258 7184 7074 7047 6993 6838 6615 6602 6523 6443 6319 6420 6381 6365 6346 6302 6328
131 120 33 34 1335 2277 3069 3550 3650 2758 2733 2616 2467 2825 1513 1633 1573 1730 1907 2722 4085 5005 5075 4640 4261 4454 5466 6028 6674 6750 6890 6715 6807 7127 7356 7231 7138 7022 6962 6880 6607 6608 6501 6377 6363 6390 6308 6307 6282 6302 6355
124 123 33 34 1164 2053 2772 3316 3659 3131 2950 2922 2587 3077 1418 1407 1487 1733 1849 2381 3898 4410 4543 4435 4143 4237 4745 5056 5645 6676 7178 7140 7169 7231 7454 7315 7100 7014 6885 6809 6615 6590 6479 6286 6342 6344 6262 6265 6267 6303 6346
120 123 33 34 1004 2106 2722 3250 3475 3169 3275 2967 2471 3241 1339 1361 1424 1708 1829 2204 3565 4027 4113 4071 3990 4081 4426 4643 5057 5950 6809 7140 7243 7266 7492 7449 7133 7003 6760 6738 6617 6551 6374 6244 6287 6298 6193 6228 6220 6252 6317
33 123 33 33 33 1836 2552 3026 3369 3376 3316 2632 2116 2879 1142 1223 1359 1643 1822 2163 3397 3976 3937 3753 3539 3563 3971 4459 4758 5295 6174 6809 7197 7283 7457 7485 7131 7007 6720 6655 6525 6472 6233 6193 6262 6229 6164 6194 6173 6182 6258
33 121 33 33 33 1612 2320 2706 2969 3253 2964 2245 1773 1862 1034 1190 1292 1563 1803 2281 3459 4055 3785 3325 3102 3135 3523 4327 4754 5264 6150 6762 7083 7264 7430 7506 7162 6987 6677 6571 6384 6310 6121 6054 6144 6110 6142 6181 6155 6149 6233
33 33 33 33 33 992 1926 2332 2675 2692 2161 1701 1495 903 1004 1161 1284 1518 1713 2236 3484 4149 3678 3018 2855 2769 3232 4327 4922 5668 6535 6933 7113 7314 7452 7480 7178 6918 6609 6504 6257 6149 5962 5949 6067 6040 6156 6182 6168 6151 6209
33 33 33 33 33 33 1017 1697 2414 2178 1322 1113 1000 805 1109 1155 1208 1370 1560 1923 3518 4063 3411 2867 2652 2454 2799 4260 5115 5943 6762 7052 7269 7458 7521 7409 7145 6828 6535 6395 6129 6051 5829 5821 5950 6013 6229 6221 6144 6122 6154
33 33 33 33 33 33 686 1339 1821 919 660 698 856 844 1088 1127 1073 1173 1279 1662 3292 3707 3136 2668 2295 2195 2434 4207 5266 5976 6770 7101 7345 7632 7583 7376 7142 6727 6387 6241 5990 5915 5749 5742 5772 5913 6280 6202 6170 6107 6104
33 33 33 33 33 33 33 389 796 456 527 536 677 873 1165 1118 937 999 1066 1287 2880 3224 2887 2498 2033 1832 1987 4016 5171 6106 6658 6955 7283 7723 7646 7341 6992 6615 6206 6099 5815 5731 5581 5645 5769 6005 6249 6165 6113 6067 6032
33 33 33 33 33 33 33 454 506 33 380 500 653 811 1046 1077 922 894 861 1107 2030 2480 2586 2353 1819 1495 1546 2748 4748 5989 6367 6674 7202 7804 7698 7385 6857 6513 6090 6024 5602 5671 5550 5593 5705 6060 6170 6110 6010 5938 5910
33 33 33 33 33 33 33 33 33 33 33 549 663 806 960 923 902 823 869 1008 1379 1659 1984 2307 1853 1497 1394 1592 2767 4825 5786 6411 7212 7877 7673 7263 6708 6333 5954 5790 5655 5599 5547 5646 5814 6075 6085 5997 5851 5860 5922
33 33 33 33 33 33 33 33 33 33 33 33 476 709 792 844 844 830 875 1071 1217 1388 1743 2175 1866 1549 1400 1384 1924 34 2999 5832 7494 7913 7564 7107 6647 6240 5693 5668 5632 5579 5546 5593 5692 5920 5974 5900 5781 5830 5929
33 33 33 33 33 33 33 33 33 33 33 33 33 491 714 802 813 846 956 1027 1008 1174 1485 1735 1647 1425 1342 1409 1746 2401 3169 4581 7651 7790 7318 7020 6477 5964 5777 5568 5445 5490 5621 5718 5805 5937 5905 5825 5746 5821 5930
33 33 33 33 33 33 33 33 33 33 33 33 33 472 657 765 820 876 820 752 794 1060 34 34 1098 1188 1257 1372 1589 1970 2299 4285 7586 7540 7133 6777 6251 5877 5769 5529 5508 5581 5657 5822 5764 5802 5791 5781 5756 5849 5950
33 33 33 33 33 33 33 33 33 33 33 33 33 33 468 626 821 882 34 454 607 903 1207 1188 1148 1250 1442 1604 1766 1889 2327 6293 7497 7263 7016 6583 6061 5775 5411 5608 5480 5630 5674 5873 5710 5650 5724 5745 5782 5881 5954
33 33 33 33 33 33 33 33 33 33 33 33 33 34 457 725 904 858 583 424 535 1160 1834 1655 1458 1578 2144 2519 2270 2092 3337 7009 7215 7085 6774 6454 6113 5557 5332 5638 5569 5660 5705 5808 5644 5674 5746 5719 5831 5924 5950
33 33 33 33 42 33 33 33 33 33 33 33 33 33 452 710 928 735 532 459 613 1290 1979 1892 1831 2110 2677 2987 2381 2174 5347 7080 7024 7014 6702 6373 5943 5570 5218 5533 5533 5663 5691 5737 5308 5591 5773 5700 5906 5945 5935
33 33 33 94 96 56 40 33 33 33 33 33 33 36 453 818 943 736 579 537 736 1392 1777 1687 1944 2485 2927 4273 6491 6981 7033 6974 6973 6975 6575 6201 5788 5259 5111 5453 5505 5630 5599 5488 34 5412 5514 5651 5820 5931 5865
33 33 95 118 119 59 33 33 33 33 33 33 33 326 600 869 911 757 710 622 764 1422 1547 1807 2342 2542 3446 7053 7397 7120 6956 6945 6814 6687 6359 6017 5667 5348 5006 5294 5416 5458 5427 5372 5479 5381 5372 5415 4940 5562 5593
33 33 114 106 91 33 33 33 33 33 570 1003 521 516 815 966 969 1002 1348 2368 4604 2267 1651 2044 2694 3101 6958 7371 7397 7016 6933 6844 6613 6549 6182 5847 5427 5139 4929 5306 5433 5429 5348 5245 5063 5203 5243 5295 5391 5443 5496
79 33 104 86 33 33 33 33 33 302 712 1349 953 884 1240 1253 1269 4294 5777 6338 6525 5766 4828 4367 4824 6560 7230 7334 7020 6818 6763 6588 6482 6274 6085 5663 5160 4976 4957 5177 5439 5262 5194 5123 4991 5020 5011 5121 5271 5322 5367
100 119 98 57 33 33 33 33 33 458 950 1350 1299 1179 1330 1298 1907 4466 5271 5400 5924 5615 4942 4366 5149 6086 6587 6787 6041 6117 6419 6434 6201 6068 6033 5524 5042 4789 4649 5180 5250 5104 5030 4948 4853 4833 4870 4923 5032 5132 5190
114 33 104 50 33 33 33 33 33 688 1076 1758 1740 1302 1307 1268 2815 4525 5020 5368 5110 4505 4235 3992 4595 5597 6336 6309 5939 5923 5998 6029 6015 5869 5888 5503 5043 4676 4871 5016 5059 4905 4836 4786 4719 4685 4710 4814 4883 4998 5052
255 116 99 45 33 33 33 33 483 918 1210 3210 3451 1408 1316 1278 3860 5074 5458 5512 4397 4106 3920 3822 4299 5323 6036 6276 5952 5732 5821 5834 5813 5766 5743 5497 4801 4544 4670 5073 5199 4684 4600 4538 4496 4513 4578 4614 4760 4882 4969
258 121 119 33 33 33 33 33 510 970 1502 3362 4943 3857 1990 3097 4560 4747 4894 5177 4375 3686 3645 3608 3955 5120 5864 5808 5620 5516 5336 5335 5576 5732 5759 5621 4758 4447 4557 4548 4847 4642 4469 4384 4375 4487 4530 4487 4487 4611 4864
258 135 108 112 33 33 33 33 539 1085 1684 3092 4441 5125 5230 5682 4992 4676 4521 4681 4675 3474 3487 3623 4174 5011 5463 5295 5110 5087 5045 5129 5484 5818 5750 5555 4639 4383 4372 4414 4438 4470 4336 4244 4195 4339 4429 4392 4392 4452 4652
258 143 117 120 33 33 33 33 567 1207 1712 2626 3691 4122 4952 4875 4755 4162 3660 3835 3972 3078 3196 3470 4002 4696 4965 4800 4705 4764 5147 5306 5618 5849 5832 5334 4542 4320 4219 4300 4345 4301 4169 4061 4096 4170 4253 4217 4208 4374 4461
257 148 114 120 33 33 33 33 570 1240 1854 2538 2993 3198 3433 4424 4237 3621 2813 3062 3304 2663 2837 3157 3646 4291 4630 4660 4712 4810 5172 5571 5700 5823 5655 5104 4446 4230 4135 4139 4212 4184 4043 3951 4004 4122 4145 4126 4110 4159 4364
256 153 117 120 79 33 33 33 685 1212 1786 2197 2393 2537 2962 3756 3673 3171 1821 2532 2731 2267 2462 2783 3309 3869 4321 4519 4710 4856 5173 5571 5705 5721 5334 4772 4355 4165 4086 3979 4044 4049 3871 3845 3918 4051 4070 4084 4068 4077 4158
256 158 116 120 51 33 33 328 666 1021 1409 1692 2000 2171 2191 3137 3135 2610 917 2061 2122 1883 2028 2366 2963 3601 4166 4487 4753 5028 5251 5599 5652 5439 5210 4533 4263 4154 3964 3916 3965 3903 3808 3800 3895 4029 3947 4045 4023 4040 4081
258 173 119 120 37 33 33 33 526 782 1005 1323 1739 1921 2312 2636 2565 2220 34 1727 2056 1568 1719 1955 2580 3486 4232 4598 4898 5242 5388 5583 5533 5407 5058 4492 4244 4014 3866 3871 3985 3977 3776 3780 3884 3864 3864 3989 3965 3991 4013
258 209 119 119 33 33 33 33 494 552 718 952 1378 1743 1825 2184 2095 1801 125 1474 1542 1397 1487 1758 2278 3316 4212 4667 5144 5285 5282 5631 5360 5267 4894 4332 4067 3946 3920 3848 3905 3876 3817 3806 3756 3843 3850 3869 3816 3843 3950
257 252 120 119 33 33 33 33 33 480 558 819 1057 1448 1439 1463 1109 1011 1051 1119 1236 1197 1371 1546 2011 2896 3875 4712 5217 5357 5579 5580 5367 4919 4531 4274 4112 3993 3903 3896 3809 3799 3771 3782 3728 3768 3778 3769 3749 3774 3800
88 255 117 117 98 33 33 33 33 121 506 711 1473 1552 1641 545 365 267 745 1011 1114 1113 1208 1392 1778 2722 3977 5222 5606 5664 5677 5643 5277 4659 4248 4073 4203 4178 3999 3880 3633 3651 3677 3687 3660 3683 3690 3691 3681 3686 3685
78 111 113 60 147 131 130 33 122 129 504 621 1420 1674 1208 225 34 34 532 978 1089 1108 1217 1373 1729 2776 3802 5376 5748 5732 5722 5680 5336 4661 4246 4128 4302 4218 4194 3837 3592 3604 3643 3687 3697 3687 3682 3684 3669 3650 3655
79 100 100 33 136 126 132 33 144 235 546 572 658 735 34 34 33 34 34 925 1320 1174 1347 1416 2085 3210 3916 5296 5755 5704 5695 5650 5318 4704 4427 4189 4309 4237 4078 3753 3625 3660 3712 3744 3760 3747 3734 3724 3694 3667 3661
