---
BL Depth [ft] Valid 0700 PST ~Z75~(1500Z)~Z~ FRI 19 May 2017 ~Z75~[15hrFcst@1429z]~Z~
Model= RASP Region= PANOCHE Grid= d2 Reskm= 4.0 Indexs= 1 51 1 69 Proj= lambert 4000 4000 40.0000 40.0000 -73.0000 36.6487 -121.0445
Day= 2017 5 19 FRI ValidLST= 700 PST ValidZ= 1500 Fcst= 15.0 Init= 12 Param= dbl Unit= ft Mult= 1 Min= 33 Max= 1493
33 33 33 33 33 33 33 34 34 34 34 264 264 221 206 202 183 186 243 250 289 266 296 298 303 317 345 335 380 407 564 598 614 590 544 552 578 579 566 538 531 525 524 510 484 461 448 412 408 400 393
33 33 33 33 33 33 33 34 34 34 34 262 273 260 248 219 216 223 261 264 297 291 299 268 314 334 373 410 415 497 635 611 670 588 545 553 560 592 562 537 530 521 527 515 495 476 459 413 424 417 408
33 33 33 33 33 33 33 34 34 34 34 268 282 269 269 237 231 241 246 285 301 299 281 267 310 355 404 445 438 532 637 639 645 595 584 563 557 555 562 530 524 518 519 514 504 489 475 442 429 422 403
33 33 33 33 33 33 33 33 34 34 34 295 284 273 275 277 233 239 242 275 294 267 327 339 362 391 450 505 595 581 649 652 658 638 607 555 543 538 548 526 522 517 513 513 509 509 465 456 432 415 399
33 33 33 33 33 33 33 33 34 34 314 267 274 259 254 278 232 218 200 212 321 318 342 364 399 460 535 608 662 564 646 745 709 768 765 636 544 561 513 506 507 505 511 525 517 537 469 461 432 411 405
33 33 33 33 33 33 33 33 34 315 298 292 271 286 289 303 306 292 205 197 244 354 365 400 429 467 507 719 609 586 600 776 777 899 865 763 561 529 477 488 499 509 531 524 520 533 463 468 429 409 404
33 33 33 33 33 33 33 33 34 328 314 321 284 318 323 318 318 344 298 174 226 396 404 436 438 439 477 687 658 703 677 717 845 967 892 721 509 467 455 465 484 501 516 511 515 561 451 456 423 408 397
33 33 33 33 33 33 33 33 50 392 317 342 299 336 342 328 335 389 349 225 180 395 445 463 443 434 516 582 760 737 724 919 927 980 854 696 490 346 457 454 463 484 502 510 522 500 424 448 422 410 401
33 33 33 33 33 33 33 33 33 466 308 336 312 389 416 358 373 384 304 295 333 415 466 481 456 473 644 806 765 756 742 917 1029 894 761 759 492 322 342 326 450 465 482 443 468 461 442 453 431 427 410
33 33 33 33 33 33 33 33 34 405 310 325 342 415 411 389 392 312 317 306 339 425 486 498 473 518 685 968 754 696 912 1018 881 600 511 756 462 315 351 318 349 458 470 468 442 424 453 456 451 429 436
33 33 33 33 33 33 33 33 46 274 273 400 413 586 313 330 323 309 313 320 309 404 522 498 484 543 708 1168 1032 851 1004 840 576 439 401 478 369 315 298 317 332 385 466 475 382 434 460 435 446 443 455
33 33 33 33 33 33 33 34 165 263 345 404 472 473 324 309 322 454 326 325 293 364 524 492 518 651 904 1425 1070 885 814 639 471 358 337 346 314 313 298 310 327 404 466 479 476 456 455 457 456 457 462
33 33 33 33 33 34 34 144 302 275 346 410 487 366 318 306 329 323 315 349 308 333 482 522 468 774 1069 1089 906 817 541 410 344 295 282 269 293 309 307 289 314 377 442 477 466 442 442 462 464 465 461
33 33 33 33 34 34 34 248 339 287 359 423 559 367 321 289 280 369 392 327 307 360 383 497 529 998 1037 835 872 602 458 335 280 255 271 231 300 310 470 280 299 351 417 477 456 454 459 471 467 466 463
33 33 33 33 34 34 34 319 309 320 346 415 522 374 357 295 270 300 358 315 352 391 374 454 845 1002 759 730 711 532 464 357 212 246 431 206 208 320 347 302 317 443 393 425 445 462 467 471 461 455 430
33 33 33 34 34 34 34 319 324 346 365 403 407 372 336 305 292 300 295 323 379 377 455 590 944 635 591 641 649 619 605 394 352 351 359 304 255 316 324 307 321 361 402 400 453 458 471 464 447 425 406
33 33 33 34 34 34 34 316 271 296 342 453 462 458 318 310 274 323 345 352 335 333 380 506 585 520 532 621 771 910 774 504 439 379 355 331 311 327 328 340 317 343 418 424 430 453 460 446 424 406 384
33 33 33 34 34 34 34 266 269 302 387 536 492 473 320 293 209 340 387 343 329 383 353 529 1493 495 514 710 844 917 887 931 891 719 351 351 318 325 321 314 321 369 437 404 417 438 444 425 410 394 376
33 33 33 34 34 34 34 127 279 351 546 516 415 306 305 278 267 390 382 335 339 339 472 710 1323 471 513 759 874 804 823 963 859 772 370 345 318 348 355 325 336 395 453 392 414 430 429 409 396 385 372
33 33 33 34 34 34 55 267 297 397 561 524 331 297 303 204 313 390 358 336 361 333 458 617 1098 560 712 783 762 816 881 877 846 798 390 328 330 361 390 359 357 405 422 416 419 425 417 404 397 387 375
33 33 33 34 34 34 137 277 390 437 485 486 299 298 292 252 446 370 417 346 427 343 487 724 1061 790 501 700 882 1026 949 916 974 369 334 337 360 386 415 390 380 421 424 405 413 422 429 414 412 400 385
33 33 33 34 34 34 34 270 465 439 494 487 317 312 312 332 350 351 358 461 484 357 470 711 995 1014 578 809 1119 1204 1112 987 624 296 338 347 372 373 396 418 399 389 390 432 432 419 421 429 454 435 411
33 33 33 34 34 34 34 264 411 449 493 482 478 345 376 354 397 344 335 490 491 351 415 583 756 842 811 978 1137 1185 955 724 636 468 490 466 412 387 457 436 385 387 388 430 420 411 422 452 475 462 417
33 33 33 34 34 34 34 263 415 451 364 467 527 390 365 367 339 360 459 485 488 367 359 510 689 734 790 992 1203 1154 821 776 760 400 335 437 440 456 461 456 396 405 385 430 428 432 426 462 484 474 429
33 33 33 34 34 34 34 272 484 486 518 599 553 485 379 337 326 460 470 499 335 338 368 508 717 823 793 847 1083 1063 862 776 679 326 386 396 433 458 462 465 455 378 411 454 433 436 433 459 480 478 430
33 33 33 34 34 34 108 312 466 483 678 828 721 755 424 333 301 424 476 451 457 366 370 462 489 912 598 662 1023 855 761 781 723 314 357 403 448 410 458 471 469 409 430 449 462 443 443 460 477 471 435
33 33 33 34 34 34 208 932 577 519 708 835 653 621 465 335 276 333 469 345 387 352 326 342 461 498 408 425 855 765 528 650 479 366 339 431 499 505 408 469 458 409 404 434 461 454 454 461 471 469 441
33 33 33 34 34 34 244 544 648 627 751 732 698 552 458 366 280 310 457 374 436 383 309 393 544 591 491 506 789 638 575 802 518 376 341 356 366 387 390 461 416 412 419 456 469 455 455 467 469 468 447
33 33 33 34 34 34 95 261 308 391 543 745 711 570 407 345 348 412 396 291 367 465 484 492 566 700 755 820 741 767 816 864 562 492 354 370 344 378 378 438 389 417 404 435 461 468 465 470 471 467 453
33 33 33 34 34 34 108 263 356 302 334 494 532 432 393 236 341 458 306 277 375 367 457 480 528 724 846 732 536 598 592 603 418 554 468 372 353 349 367 408 381 397 398 442 466 477 471 471 469 466 457
33 33 33 34 34 34 116 336 456 604 585 500 578 415 245 280 466 463 393 338 187 291 480 526 540 702 758 572 464 410 518 547 317 387 388 431 359 348 425 480 371 383 390 435 462 475 472 467 469 467 461
33 33 33 34 34 86 468 333 523 673 689 686 533 383 258 408 438 345 350 283 280 178 335 455 525 687 570 537 466 351 513 511 348 479 375 375 360 368 409 434 364 391 399 422 455 465 468 468 466 465 461
33 33 33 34 34 63 188 306 625 745 755 693 332 304 277 466 454 394 328 194 214 199 327 337 536 624 437 493 425 350 519 552 438 422 369 360 355 359 355 366 360 387 381 406 407 446 457 460 459 450 476
33 33 33 34 119 125 426 513 578 651 737 448 249 310 311 481 348 447 289 186 217 299 320 343 587 541 290 469 372 425 596 619 372 361 351 344 431 353 348 356 357 379 368 397 401 418 423 440 432 434 465
33 33 33 34 57 106 446 620 576 642 530 487 324 223 298 475 396 465 285 200 190 305 304 340 456 354 238 505 334 540 554 586 523 436 333 328 368 356 357 357 352 374 373 377 397 401 402 420 426 432 456
33 33 33 34 137 121 327 517 578 384 34 34 256 263 330 573 470 497 286 192 128 289 274 349 317 204 374 535 318 350 415 370 339 391 351 338 371 339 352 362 369 370 372 361 373 387 367 401 412 419 448
33 33 33 33 34 180 324 483 477 484 520 293 298 232 384 363 419 492 280 211 58 358 282 338 187 215 378 455 362 336 405 352 318 345 339 340 356 341 353 362 370 365 357 368 373 378 348 387 396 407 447
33 33 33 33 34 220 285 358 272 467 447 267 200 154 371 269 309 471 284 259 65 469 332 265 232 263 167 359 341 355 499 458 309 338 360 350 359 344 354 361 367 363 351 359 372 356 337 378 390 404 462
33 33 33 33 33 187 241 239 34 270 34 34 51 130 327 260 177 373 249 188 268 442 378 313 357 195 297 374 468 505 543 455 311 342 387 356 407 355 356 363 370 365 352 358 372 344 331 375 410 429 473
33 33 33 33 33 34 34 96 199 256 155 34 56 225 282 259 168 295 170 145 477 346 418 474 469 205 332 221 324 738 679 487 457 357 386 356 463 385 364 366 375 369 351 359 378 358 339 402 403 424 474
33 33 33 33 33 33 132 172 181 173 196 275 288 259 260 178 189 66 158 155 481 359 347 460 388 498 446 340 477 544 554 491 492 428 331 349 475 406 371 368 376 373 370 375 363 346 377 412 443 431 513
33 33 33 33 33 33 33 183 161 129 158 137 262 290 164 180 189 147 190 205 342 310 190 320 339 453 339 440 517 505 325 315 464 383 313 317 357 387 371 370 380 374 363 384 371 348 391 416 431 433 526
33 33 33 33 33 33 33 152 137 33 141 144 281 277 282 185 233 166 193 285 273 278 262 270 352 428 319 405 524 471 301 336 368 342 322 339 335 360 367 369 359 374 355 361 346 399 390 414 411 431 500
33 33 33 33 33 33 33 33 33 33 33 139 274 299 296 242 177 280 306 269 279 292 288 278 322 429 311 339 456 361 313 352 397 332 327 356 328 345 366 358 363 358 353 373 406 273 383 388 398 419 527
45 33 33 33 33 33 33 33 33 33 33 33 279 293 278 278 195 308 272 287 327 299 300 285 288 436 350 360 373 33 428 389 381 323 312 345 348 350 336 359 368 352 298 290 295 332 349 373 382 403 507
40 33 33 33 33 33 33 33 33 33 33 33 33 280 284 265 153 261 278 300 298 290 304 325 324 340 340 393 487 486 488 474 457 319 308 333 345 321 336 344 322 301 280 257 238 343 336 353 353 372 437
119 33 33 33 33 33 33 33 33 33 33 33 33 268 276 206 162 260 284 307 293 293 33 33 268 260 264 180 379 442 475 493 520 358 309 319 341 320 363 305 310 291 291 256 231 343 315 330 324 340 408
122 45 33 42 33 33 33 35 34 33 33 33 33 33 260 224 288 273 33 279 308 272 185 332 269 214 206 184 275 289 325 488 523 461 305 314 310 310 290 294 297 297 290 269 222 206 262 281 292 304 383
124 94 57 50 33 33 35 40 40 38 33 33 33 33 254 201 323 306 243 184 291 280 211 351 284 264 222 209 238 245 319 478 503 470 306 299 312 242 264 289 299 296 283 246 269 271 225 206 277 305 352
126 118 82 62 54 39 42 44 45 44 35 33 33 33 197 264 311 309 190 242 303 277 265 306 263 179 183 186 253 270 346 355 407 467 311 294 303 277 237 271 293 287 280 325 337 307 306 212 312 277 330
128 120 92 99 107 54 47 44 37 33 33 33 33 33 266 311 342 283 220 304 309 282 261 262 165 151 162 167 257 301 319 330 355 480 315 293 291 220 227 260 284 283 318 327 33 244 274 281 274 267 311
133 121 83 80 104 51 37 33 33 33 33 33 33 269 271 245 296 306 278 283 291 287 275 188 164 179 166 271 206 327 322 340 332 460 329 295 298 278 229 228 263 261 318 317 218 277 256 270 34 257 295
135 121 82 61 65 41 33 33 33 33 263 260 160 288 216 268 281 235 273 271 285 284 267 184 234 196 201 488 448 443 364 360 312 387 367 309 294 290 221 291 249 314 327 313 290 300 253 271 273 258 279
134 121 79 58 55 34 33 33 33 284 301 306 295 271 262 271 243 198 267 273 275 270 276 174 232 186 262 463 504 508 507 435 327 314 383 323 281 297 295 304 307 328 332 328 305 307 253 280 277 259 275
133 120 86 58 49 33 33 33 33 314 308 235 294 261 275 187 329 181 276 268 291 279 282 199 274 189 267 149 294 472 489 410 337 306 397 344 289 299 261 322 325 327 328 331 323 306 251 291 292 261 259
132 120 95 59 44 33 33 33 33 274 322 303 295 218 276 265 253 168 276 265 284 217 285 179 128 205 276 173 172 354 468 374 331 295 460 379 307 301 304 323 317 322 320 323 325 317 250 293 303 315 255
132 120 99 62 43 33 33 33 289 276 186 211 292 264 272 218 173 33 33 333 260 203 301 203 216 211 294 195 183 257 327 409 357 282 439 376 306 303 320 271 262 296 295 293 311 278 281 298 303 313 254
134 120 101 65 48 33 33 33 274 266 122 144 283 286 264 222 157 33 33 33 296 284 319 227 176 184 278 186 285 308 310 337 374 279 442 396 308 308 334 320 261 298 277 269 276 279 286 300 299 274 251
131 120 104 78 57 33 33 33 267 203 114 140 282 280 172 33 33 33 33 33 33 287 368 144 155 162 190 239 289 305 318 307 352 311 358 387 312 320 348 337 321 304 286 280 263 291 310 298 292 296 247
126 119 106 83 97 33 33 33 238 173 134 138 277 195 145 33 33 33 72 41 33 289 360 64 100 156 166 243 263 340 493 460 382 333 373 366 311 326 337 336 330 303 285 265 258 283 319 291 281 282 241
119 119 112 102 119 35 33 33 192 265 126 135 136 113 146 33 33 33 73 76 33 283 324 118 132 179 189 244 292 363 519 523 354 330 380 361 309 325 319 325 321 299 280 245 248 291 300 278 287 262 230
86 118 114 121 120 37 33 33 207 267 110 133 135 135 154 34 33 57 166 33 33 282 353 124 67 193 214 259 304 369 503 563 345 341 359 328 309 320 317 314 308 296 263 235 242 296 299 263 270 247 196
77 115 108 120 119 38 33 161 260 261 139 165 159 144 129 34 33 165 157 183 270 291 171 124 62 239 292 324 343 460 522 719 510 330 354 309 308 327 315 304 294 271 255 233 230 341 282 244 230 232 206
99 114 110 121 98 33 33 33 149 191 209 182 186 148 33 34 33 173 33 175 280 211 52 34 33 297 366 389 402 528 508 621 554 374 365 320 319 327 309 304 324 314 245 229 293 292 252 226 214 217 195
119 115 118 120 57 33 33 33 204 211 160 157 164 167 129 33 33 209 33 221 394 255 34 34 275 306 364 393 502 519 466 519 499 458 357 301 301 314 308 301 331 326 283 258 230 230 234 213 201 203 180
80 109 119 120 50 33 33 33 33 172 173 180 164 152 146 33 33 193 177 281 33 191 188 199 228 268 281 350 456 484 489 491 474 420 381 346 330 327 316 327 331 325 307 290 255 238 222 203 186 186 167
33 99 120 123 94 37 33 33 33 33 173 197 180 173 33 140 265 266 277 263 297 205 170 163 185 206 33 280 394 484 522 519 481 450 413 384 366 354 334 346 330 321 304 282 240 232 216 198 166 172 155
33 80 120 123 121 97 82 33 33 33 176 187 54 127 33 258 140 137 288 325 299 218 169 152 157 184 226 232 360 482 546 531 513 471 446 416 411 366 353 327 328 312 296 279 261 227 217 198 173 65 151
33 48 117 122 119 80 115 48 33 124 185 166 60 33 33 33 130 135 260 295 268 206 157 145 150 172 199 204 314 469 530 528 511 467 446 408 409 376 354 338 324 309 285 263 253 227 215 201 174 154 152
