---
Depth of Critical Updraft Strength (AGL Hcrit) [ft] Valid 1300 PST ~Z75~(2100Z)~Z~ FRI 19 May 2017 ~Z75~[21hrFcst@1439z]~Z~
Model= RASP Region= PANOCHE Grid= d2 Reskm= 4.0 Indexs= 1 51 1 69 Proj= lambert 4000 4000 40.0000 40.0000 -73.0000 36.6487 -121.0445
Day= 2017 5 19 FRI ValidLST= 1300 PST ValidZ= 2100 Fcst= 21.0 Init= 12 Param= dwcrit Unit= ft Mult= 1 Min= 0 Max= 6818
0 0 0 0 0 0 0 0 0 0 2102 3887 3944 4078 4253 4534 4686 4861 5237 5393 5663 5646 5789 5817 5834 5904 5999 6027 6130 6205 6275 6429 6505 6513 6559 6631 6818 6777 6762 6699 6684 6641 6592 6494 6257 5818 5645 5187 5033 5023 5169
0 0 0 0 0 0 0 0 0 0 0 3352 3845 3953 4239 4604 4859 5081 5398 5523 5758 5800 5835 5734 5876 5927 6016 6122 6116 6206 6269 6347 6506 6454 6510 6585 6676 6814 6748 6667 6661 6604 6593 6443 6233 5886 5656 5126 5028 5018 5153
0 0 0 0 0 0 0 0 0 0 0 2894 3605 3946 4255 4647 4966 5208 5412 5696 5816 5848 5748 5779 5890 5943 6024 6119 6106 6172 6233 6271 6345 6396 6480 6535 6554 6620 6768 6640 6643 6584 6523 6376 6196 5937 5682 5244 5028 5016 5075
0 0 0 0 0 0 0 0 0 0 0 2845 3565 3948 4372 4821 4989 5247 5503 5801 5881 5749 5902 5925 5936 5961 6047 6133 6200 6160 6201 6228 6230 6320 6418 6471 6499 6515 6679 6672 6654 6601 6472 6326 6146 5992 5392 5195 5042 5028 5080
0 0 0 0 0 0 0 0 0 0 2583 3330 3656 4094 4516 4995 5281 5419 5652 5854 6003 5917 5887 5894 5901 5952 6025 6141 6223 6216 6241 6552 6133 6175 6229 6263 6341 6564 6626 6633 6535 6550 6430 6425 6127 6019 5294 5206 5058 5034 5143
0 0 0 0 0 0 0 0 0 1283 3042 3588 3934 4323 4668 5092 5459 5667 5890 5884 5737 5865 5886 5899 5897 5953 6004 6278 6184 6148 6130 6350 6157 6174 6092 6165 6228 6476 6666 6549 6565 6531 6539 6348 6182 5961 5285 5293 5055 5020 5133
0 0 0 0 0 0 0 0 0 1844 3159 3675 3935 4320 4719 5142 5445 5839 6041 5848 5930 5906 5897 5881 5869 5926 6058 6203 6164 6145 6045 5890 5978 6026 6053 6025 6102 6409 6573 6519 6531 6469 6453 6259 6169 5968 5099 5110 5032 4977 5014
0 0 0 0 0 0 0 0 478 2736 3246 3659 3855 4283 4857 5199 5611 6060 6160 5847 5899 5871 5879 5872 5852 5939 6190 6155 6150 6096 5797 6022 5899 5980 6011 5980 5994 5976 6395 6428 6434 6396 6346 6067 5969 5397 5100 5074 5000 4949 4985
0 0 0 0 0 0 0 0 0 1860 3035 3350 3619 4468 5127 5397 5794 5984 6073 5946 5850 5850 5890 5890 5865 5990 6262 6253 6130 6064 5551 5644 5896 6045 6002 5937 5950 5924 6010 5993 6192 6260 6174 5548 5069 5041 5131 5038 4966 5028 4976
0 0 0 0 0 0 0 0 0 2082 3021 3025 3784 4714 5312 5660 5883 5874 5920 5851 5787 5821 5885 5865 5825 5987 6242 6111 6049 5757 5439 5723 5942 6064 5961 5711 5670 5705 5913 5914 5810 6076 6069 6041 5144 4937 5088 5009 5037 4934 5062
0 0 0 0 0 0 0 0 1073 2754 3024 3356 4194 5064 5632 5796 5809 5707 5838 5827 5777 5819 5856 5812 5766 5966 6150 5968 5845 5346 5687 5886 5988 5965 5919 5623 5545 5580 5428 5733 5630 5647 5991 6031 5338 5107 5005 5146 4913 4925 5060
0 0 0 0 0 0 0 0 1414 2747 3012 3587 4634 5455 5847 5941 5863 5846 5839 5794 5756 5774 5777 5742 5734 5877 5883 5983 5855 5706 5863 5899 5854 5856 5655 5527 5458 5404 5278 5527 5492 5649 5752 5956 5786 5128 4824 4920 4881 4903 5040
0 0 0 0 0 0 0 1451 2730 3039 3230 4004 5064 5762 6031 5793 5756 5524 5691 5708 5674 5709 5733 5733 5584 5708 5708 5829 5825 6125 5891 5724 5759 5900 5627 5471 5539 5373 5263 5058 5294 5321 5190 5706 5201 5015 4835 4889 4863 4877 4925
0 0 0 0 0 0 0 1699 3121 3616 3891 4490 5350 5782 5829 5695 5459 5403 5736 5651 5568 5614 5702 5800 5626 5588 5587 5840 6020 6064 5857 5620 5542 5666 5457 5054 5522 5506 5800 5162 5389 5290 5186 5513 5085 4953 4949 4914 4779 4774 4851
0 0 0 0 0 0 0 2284 3586 3956 4307 4782 5488 5760 5747 5603 5371 5321 5581 5521 5495 5521 5587 5715 5720 5532 5597 5922 6061 5790 5818 5755 5488 5469 5341 4739 4666 5273 5233 5509 5532 5578 5228 4654 4774 4707 4718 4722 4592 4562 4550
0 0 0 0 0 0 0 2368 3669 4113 4508 4959 5655 5613 5499 5503 5594 5577 5447 5481 5508 5535 5556 5643 5641 5524 5670 5971 5958 5635 5681 5721 5492 5152 4913 4901 4621 5076 5082 5387 5236 4989 5281 4841 4646 4279 4340 4327 4168 4110 4150
0 0 0 0 0 0 0 2431 3288 3746 4309 5279 5577 5375 5256 5532 5630 5368 5358 5455 5515 5553 5591 5660 5581 5567 5740 6023 5860 5652 5576 5589 5350 4937 4726 4822 4708 4866 4794 5455 5284 5022 5153 4697 4296 4143 3944 3954 3910 3846 3791
0 0 0 0 0 0 0 2409 3211 3719 4632 5487 5471 5435 5275 5576 5345 5078 5311 5455 5525 5589 5667 5709 5545 5553 5784 5974 5808 5722 5914 5607 5207 4902 4547 4689 4655 4939 4924 5100 5217 5149 5098 4338 4234 3964 3874 3808 3735 3648 3569
0 0 0 0 0 0 0 2372 3243 4067 5154 5591 5426 5264 5310 5464 5016 4939 5190 5445 5506 5589 5668 5622 5501 5488 5612 5741 5787 5889 5802 5412 4967 4631 4342 4619 4675 5155 5118 5216 5171 5189 5035 4330 4093 3905 3739 3690 3612 3514 3417
0 0 0 0 0 0 1606 3320 3563 4323 5339 5571 5538 5341 5556 5252 4830 4715 4996 5443 5508 5605 5662 5572 5471 5463 5522 5641 5795 5805 5533 5085 4531 4363 4347 4427 4680 5089 5112 5147 5165 5201 4758 4457 4113 3869 3717 3613 3537 3435 3310
0 0 0 0 0 0 1678 3313 4097 4626 5171 5503 5471 5420 5353 4924 4738 4769 5047 5360 5448 5534 5602 5536 5446 5419 5343 5852 5784 5716 5207 4552 4357 4146 4369 4567 4792 5082 5092 5145 5117 5135 4721 4304 4105 3820 3773 3659 3565 3446 3285
0 0 0 0 0 0 0 2345 4326 4681 5161 5499 5453 5398 4983 4634 4584 4780 4890 5260 5393 5453 5463 5461 5381 5340 5415 5819 5754 5144 4375 4222 4485 4320 4616 4673 4744 4710 4887 5110 5005 4780 4391 4421 4243 3885 3597 3561 3551 3410 3312
0 0 0 0 0 0 0 2062 3928 4667 5236 5132 5325 5119 4774 4662 4733 4861 4944 5244 5319 5396 5405 5376 5171 5155 5234 5252 4952 4452 4259 4690 4913 4677 5099 4877 4910 4937 5140 5128 4712 4735 4331 4232 3983 3852 3616 3563 3543 3561 3140
0 0 0 0 0 0 0 1776 2930 4591 5084 5037 5086 4617 4588 4658 4809 5106 5272 5212 5216 5316 5406 5295 5088 4993 4954 5015 4651 4539 4694 5129 5096 4752 4914 5012 4993 5035 5072 5135 4926 4665 4361 4376 4146 4017 3676 3646 3537 3363 3155
0 0 0 0 0 0 0 1622 2890 4509 5131 5140 4736 4182 4457 4688 4828 5487 5221 5166 5042 5317 5428 5247 4997 4795 5167 4946 4571 4638 5031 5272 5043 4693 5115 5070 5111 5152 5136 5135 5129 4502 4552 4544 4242 3974 3746 3633 3527 3454 3212
0 0 0 0 0 0 1524 2980 4201 4547 5073 4950 4255 4178 4393 4618 4657 5215 5175 5007 5272 5392 5403 5230 4914 4959 5299 5212 4917 5280 5335 5056 4833 4655 5102 5103 5294 5391 5171 5166 5103 4788 4595 4350 4490 4191 3845 3720 3625 3455 3292
0 0 0 0 0 0 1633 2959 4237 4847 4794 4154 3344 4011 4385 4544 4537 5021 5179 5043 5272 5354 5359 5290 5110 5126 5333 5187 5337 5572 5407 5061 4615 4984 4916 5085 5453 5641 5248 5211 4756 4701 4366 4347 4327 4222 4022 3876 3716 3607 3451
0 0 0 0 0 0 2004 2960 4046 4666 4183 3438 3495 4010 4397 4605 4539 5054 5141 5119 5215 5308 5344 5395 5298 5225 5292 5217 5434 5386 5288 5178 4929 5115 5041 5063 4966 5145 5170 5172 4642 4657 4482 4525 4533 4347 4130 4083 3894 3808 3679
0 0 0 0 0 0 1793 2886 4279 4533 4153 3985 4073 4297 4452 4391 4680 5291 4884 4936 5262 5391 5368 5341 5216 5177 5269 5300 5354 5281 5265 5289 5064 5346 5099 5193 4918 5130 5123 5064 4342 4464 4196 4269 4309 4471 4377 4210 4080 3962 3859
0 0 0 0 0 0 1821 3525 4497 4384 4104 4459 4607 4570 4429 4124 4613 4803 4753 4960 5333 5452 5398 5291 5203 5225 5262 5244 5267 5637 5600 5333 4867 5267 5213 5063 4816 4894 5117 5047 4324 4304 4165 4388 4498 4607 4527 4309 4200 4098 4008
0 0 0 0 0 0 2110 3616 4632 4776 4435 4321 4766 4463 4113 4188 4884 4647 4627 4735 5107 5513 5485 5307 5248 5265 4986 5231 5481 6105 5829 5361 4807 5069 5078 5113 4807 4928 5170 5210 4339 4301 4161 4347 4380 4457 4546 4299 4298 4227 4151
0 0 0 0 0 1593 2954 3942 4543 4754 4110 4125 4377 4070 3720 4385 4159 4181 4394 4526 5024 5504 5471 5230 5041 4956 4961 5300 5626 5876 5704 5271 4793 4978 4878 4767 4781 4874 5026 4884 4283 4374 4281 4349 4403 4493 4617 4439 4374 4327 4283
0 0 0 0 0 2078 3220 4025 4263 3720 3427 3571 3771 3208 3231 4104 3927 3860 4216 4436 5054 5376 5352 4973 4604 4583 5086 5610 5563 5451 5323 5090 5009 4874 4821 4806 4794 4784 4747 4431 4038 4242 3983 4219 4223 4360 4543 4477 4453 4358 4434
0 0 0 0 1523 2683 3448 4117 3915 3205 3252 3184 3426 3095 2691 3700 3202 3323 3868 4317 4899 5230 5101 4718 4426 4451 4936 5306 5276 5195 5212 5020 4821 4837 4722 4712 4955 4740 4653 4441 4001 4117 3987 4153 4343 4392 4527 4514 4465 4447 4520
0 0 0 0 1209 2332 3298 3866 3693 3284 3062 3357 3430 3127 2482 2890 2806 2852 3437 4060 4650 4892 4840 4537 4224 4395 4632 4742 4936 5209 5234 5087 5061 4954 4802 4686 4598 4447 4434 4343 4061 4016 4068 3954 4209 4354 4468 4529 4565 4564 4587
0 0 0 0 1280 2271 3148 3651 3571 2798 3280 3428 3435 3233 2598 3267 2396 2493 3052 3760 4342 4595 4616 4523 4304 4423 4490 4487 4764 4978 5099 5022 4951 4992 4935 4729 4551 4201 4249 4181 4243 4052 3999 3970 4002 4294 4291 4465 4547 4566 4619
0 0 0 0 0 1710 2966 3483 3554 3089 3434 3169 3164 3183 2301 2286 2078 2182 2786 3599 4113 4434 4574 4484 4229 4318 4435 4480 4527 4552 4808 4938 4872 4979 4877 4659 4365 4169 4229 4090 4116 3985 3754 3998 4178 4296 4256 4363 4440 4536 4649
0 0 0 0 0 1508 2727 3255 3179 3209 3137 2792 2597 2561 2004 2082 1838 1958 2607 3628 4090 4317 4553 4224 4211 4215 4310 4494 4526 4470 4574 4727 4689 4710 4809 4662 4435 4128 4158 4041 4129 3961 3812 3828 4053 4034 4177 4333 4358 4468 4725
0 0 0 0 0 1023 2377 3015 3092 2681 2359 2087 1963 1846 1820 1712 1711 1821 2598 3637 4140 4292 4423 4108 4036 4112 4275 4563 4704 4773 4844 4835 4647 4614 4713 4615 4588 4194 4175 4035 4103 3977 3841 3848 4109 4074 4077 4310 4433 4512 4679
0 0 0 0 0 0 1177 2130 2663 2448 2018 1821 1709 1539 1842 1444 1569 1714 2661 3437 4389 4261 4249 4006 3938 3945 4175 4590 4878 4924 4903 4797 4911 4595 4601 4559 4556 4188 4183 4074 4187 3989 3903 3869 4027 4168 4309 4409 4342 4358 4474
0 0 0 0 0 0 655 1778 2052 1345 1124 1152 1157 1085 1038 1145 1407 1625 2288 3306 4241 4131 3923 3884 3553 3786 4044 4533 4923 4924 5007 4898 4961 4660 4500 4578 4558 4231 4227 4148 4225 4065 4049 4094 4000 3992 4371 4397 4508 4343 4503
0 0 0 0 0 0 0 450 1112 254 430 336 578 892 999 920 1190 1596 2030 2859 3867 3843 3656 3593 3223 3504 3857 4460 4891 5105 5073 4989 5011 4734 4627 4597 4256 4241 4208 4253 4129 4092 3919 4027 4143 4260 4479 4436 4413 4335 4476
0 0 0 0 0 0 0 229 209 0 119 154 323 479 692 690 906 1245 1576 2645 3239 3337 3530 3363 2911 2972 3490 4098 4615 5049 5043 5107 5048 4898 4730 4927 4369 4323 4207 4287 3952 4088 3974 4009 4046 4385 4428 4435 4335 4331 4372
0 0 0 0 0 0 0 0 0 0 0 223 254 433 592 587 653 963 1679 2167 2603 2834 3261 3277 2901 2844 3087 3556 4219 4620 4927 5123 5006 4835 4730 4769 4398 4320 4087 4077 4220 3949 3866 4039 4386 4416 4557 4356 4333 4327 4458
0 0 0 0 0 0 0 0 0 0 0 0 194 356 339 383 587 1006 1450 1873 2310 2814 3227 3224 2832 2621 2907 3485 4139 0 4887 5078 4901 4693 4701 4520 4604 4383 3912 4012 4019 3897 3546 3465 3573 4045 4315 4315 4318 4316 4427
0 0 0 0 0 0 0 0 0 0 0 0 0 214 341 377 554 936 1328 1626 1969 2607 2840 2744 2555 2593 3082 3674 4155 4797 5160 5031 4844 4368 4438 4530 4355 4044 4042 3597 3276 3185 3359 3409 3484 4022 4304 4275 4276 4284 4320
0 0 0 0 0 0 0 0 0 0 0 0 0 202 344 366 501 731 864 1068 1642 2545 0 0 2158 2613 3350 3861 4225 4693 5055 5008 4838 4300 4058 4249 4019 3973 3954 3202 3232 3217 3323 3473 3421 3950 4039 4170 4206 4238 4297
0 0 0 0 0 0 0 0 0 0 0 0 0 0 169 296 509 687 0 553 1745 2213 2350 2281 2717 3268 3851 4184 4287 4652 4870 4849 4718 4337 3714 3674 3151 3013 2631 2918 2908 3115 3165 3299 3480 3542 3919 3938 4130 4181 4259
0 0 0 0 0 0 0 0 0 0 0 0 0 0 206 351 593 726 751 1287 2334 2686 2763 3056 3207 3745 4218 4452 4470 4700 4663 4519 4285 4183 3628 3381 3138 2553 2495 2630 2994 3046 3145 3329 3583 3821 3842 3729 4120 4173 4209
0 0 0 0 0 0 0 0 0 0 0 0 0 0 160 381 662 720 814 1715 2754 3008 3136 3302 3495 3997 4511 4661 4652 4734 4495 4085 3749 3923 3593 3289 2916 2783 2383 2469 2663 2895 3088 3677 3441 3660 4036 3764 4191 4113 4131
0 0 0 0 0 0 0 0 0 0 0 0 0 0 203 687 904 888 1076 2137 2926 3369 3085 3368 3672 4152 4628 4833 4819 4733 4412 3989 3587 3785 3370 3234 2875 2423 2360 2423 2575 2865 3324 3298 0 3251 3666 3909 3994 4044 4057
0 0 0 0 0 0 0 0 0 0 0 0 0 141 410 817 1058 1100 1970 2827 3244 3306 3093 3503 3779 4218 4650 4896 4851 4684 4370 3900 3492 3543 3256 3284 3167 2853 2439 2478 2513 2832 3279 3458 3343 3573 3714 3855 0 3885 3925
0 0 0 0 0 0 0 0 0 0 439 765 758 616 735 1026 1403 2650 3419 3542 3497 3455 3316 3305 3534 4354 4833 4929 4845 4625 4330 3996 3578 3578 3277 3331 3040 2866 2514 2889 2723 3305 3538 3535 3472 3584 3612 3791 3853 3849 3886
0 0 0 0 0 0 0 0 0 194 617 966 1124 990 1141 1232 2813 3860 3810 3701 3629 3606 3421 3161 3579 4546 5096 4965 4815 4549 4329 4126 3768 3469 3444 3334 2923 2910 2826 3030 3200 3376 3455 3614 3475 3565 3581 3696 3786 3789 3806
0 0 0 0 0 0 0 0 0 371 791 928 1417 1391 1446 1706 3405 4120 3793 3645 3708 3641 3355 3157 3885 4684 5281 5115 4667 4499 4338 4176 3889 3623 3649 3273 2989 2914 2620 3172 3171 3339 3411 3558 3578 3543 3523 3566 3663 3628 3641
0 0 0 0 0 0 0 0 0 515 992 1772 2084 2035 1954 2902 3759 3988 3662 3605 3466 3130 3162 3401 3886 4565 5063 5151 4595 4523 4356 4175 3884 3730 4008 3335 3218 3091 3201 3304 3112 3273 3297 3446 3519 3539 3485 3519 3524 3558 3532
0 0 0 0 0 0 0 0 441 862 1523 2588 2955 3070 3256 3614 4032 4243 4289 4170 3093 2937 3076 3444 3816 4409 5033 5150 4713 4553 4434 4189 3866 3680 3751 3445 3054 3058 3180 3564 3497 3172 3070 3150 3232 3242 3383 3456 3466 3511 3479
0 0 0 0 0 0 0 0 500 930 1877 3236 3783 3852 3889 4048 3710 4258 4191 3869 3322 2817 2843 3190 3508 4272 4790 4797 4692 4325 4210 4045 3899 3860 3965 3693 3189 3153 3231 3303 3425 3273 3072 3073 3110 3245 3238 3333 3343 3329 3379
0 0 0 0 0 0 0 0 497 977 2066 3547 3873 4015 4385 4197 4117 4031 4071 3864 3724 2843 2809 3136 3596 4232 4648 4439 4158 4021 3873 3914 4089 4264 4020 3887 3209 3108 3161 3280 3160 3231 3147 3167 3015 3190 3199 3197 3196 3243 3271
0 0 0 0 0 0 0 0 457 999 2043 3265 3786 4087 4138 3909 3939 3924 3807 3666 3682 2881 2835 3165 3599 4048 4225 4096 4022 3905 3952 4030 4324 4585 4463 3920 3192 3023 2943 3186 3020 3079 2991 2870 2862 2893 3116 3129 3153 3216 3212
0 0 0 0 0 0 0 0 405 1041 2193 3085 3390 3530 3471 3638 3557 3438 3264 3461 3536 2815 2820 3138 3457 3786 4005 3896 3821 3896 4041 4175 4370 4513 4199 3699 3006 2867 2854 2944 2849 2885 2858 2782 2765 2884 2909 3031 3151 3170 3186
0 0 0 0 0 0 0 0 505 1216 2206 2864 3073 3153 3149 3312 3129 2868 2775 3124 3236 2763 2799 3092 3327 3582 3740 3775 3808 3853 4004 4218 4373 4380 3666 2964 2748 2611 2767 2730 2660 2654 2542 2551 2582 2835 2866 2906 3030 3075 3036
0 0 0 0 0 0 0 107 459 1119 2012 2378 2594 2725 2335 2910 2636 2406 1764 2677 2854 2661 2677 3012 3227 3411 3623 3720 3791 3953 4036 4285 4339 3940 3354 2631 2559 2520 2500 2510 2617 2564 2441 2472 2571 2921 2781 2826 2822 2946 3069
0 0 0 0 0 0 0 0 254 868 1529 1999 2304 2255 2309 2448 2282 2156 0 2266 2925 2417 2498 2837 3131 3404 3657 3745 3839 4196 4115 4174 3981 3761 3153 2608 2455 2287 2235 2271 2804 2908 2426 2331 2664 2648 2698 2771 2771 2886 2986
0 0 0 0 0 0 0 0 253 425 712 1372 1738 1894 1754 2023 1863 1947 0 2023 2289 1988 2202 2693 3101 3412 3685 3769 4131 4132 3809 4123 3597 3396 2943 2382 2220 2152 2203 2190 2563 2608 2573 2553 2474 2506 2537 2675 2705 2822 2913
0 0 0 0 0 0 0 0 0 181 426 1092 1456 1582 1348 1172 585 517 754 1089 1329 1574 1957 2503 3067 3412 3687 3815 4104 4100 4079 3843 3419 2742 2460 2253 2147 2088 2115 2282 2299 2335 2418 2483 2371 2443 2531 2598 2638 2748 2849
0 0 0 0 0 0 0 0 0 0 409 1379 1600 1544 1268 0 0 0 316 642 1002 1246 1655 2193 3026 3390 3969 4240 4251 4213 3941 3394 2789 2373 2147 2018 1996 2012 1959 2243 2140 2146 2139 2136 2084 2208 2325 2430 2526 2644 2749
0 0 0 0 0 0 0 0 0 0 430 1307 1558 1549 811 0 0 0 200 564 853 1203 1689 1920 2930 3364 4079 4317 4398 4265 3845 3222 2780 2297 2057 1948 1918 1825 2037 2053 1957 1935 1915 1948 2040 2075 2199 2328 2467 2534 2687
0 0 0 0 0 0 0 0 0 0 548 875 977 1288 0 0 0 0 0 609 1191 1267 1672 1976 3167 3508 4008 4107 4345 4209 3653 3008 2654 2059 2011 1798 1758 1735 1743 1823 1846 1862 1820 1840 1952 2049 2140 2271 2405 2505 2631
