---
Depth of Critical Updraft Strength (AGL Hcrit) [ft] Valid 1000 PST ~Z75~(1800Z)~Z~ FRI 19 May 2017 ~Z75~[18hrFcst@1433z]~Z~
Model= RASP Region= PANOCHE Grid= d2 Reskm= 4.0 Indexs= 1 51 1 69 Proj= lambert 4000 4000 40.0000 40.0000 -73.0000 36.6487 -121.0445
Day= 2017 5 19 FRI ValidLST= 1000 PST ValidZ= 1800 Fcst= 18.0 Init= 12 Param= dwcrit Unit= ft Mult= 1 Min= 0 Max= 4596
0 0 0 0 0 0 0 0 0 0 1054 3416 3462 3523 3547 3523 3436 3485 3832 3785 3959 3760 3883 3847 3793 3712 3657 3532 3520 3489 3395 3315 3245 3100 3034 3022 3219 3174 3142 3006 3013 3002 3007 2910 2741 2341 2129 1839 1764 1789 1970
0 0 0 0 0 0 0 0 0 0 0 2666 3273 3481 3528 3560 3580 3628 3756 3673 3902 3835 3727 3489 3642 3623 3614 3601 3490 3397 3317 3249 3266 3027 2968 2965 3058 3200 3123 2996 3003 2979 3012 2892 2729 2430 2172 1799 1755 1781 1958
0 0 0 0 0 0 0 0 0 0 0 1860 3069 3367 3471 3526 3545 3585 3545 3705 3752 3705 3507 3493 3603 3613 3592 3575 3373 3314 3273 3228 3168 3036 3013 2978 2989 3013 3173 3002 3013 2980 2961 2874 2729 2519 2306 1945 1804 1808 1926
0 0 0 0 0 0 0 0 0 0 0 1987 2957 3260 3452 3505 3367 3321 3300 3555 3615 3459 3662 3662 3629 3583 3557 3508 3497 3321 3288 3241 3232 3146 3125 3047 2986 2944 3099 3072 3065 3027 2933 2857 2752 2674 2185 2055 1936 1887 1978
0 0 0 0 0 0 0 0 0 0 1250 2777 3152 3450 3415 3474 3437 3103 2904 3003 3425 3568 3707 3704 3632 3564 3571 3544 3580 3336 3296 3454 3238 3137 3032 2920 2811 3000 3077 3046 3015 2991 2900 2946 2764 2832 2170 2138 2014 1960 2076
0 0 0 0 0 0 0 0 0 393 2336 2937 3377 3537 3449 3376 3337 3236 2817 2864 2963 3401 3623 3657 3589 3546 3489 3883 3569 3309 3218 3562 3254 3095 2937 2801 2688 2983 3118 3072 3012 3032 3055 2954 2845 2872 2182 2236 2044 2017 2087
0 0 0 0 0 0 0 0 0 648 2588 3110 3491 3531 3401 3171 3079 2996 2554 2603 3146 3484 3593 3593 3546 3594 3506 3698 3563 3472 3273 3328 3251 3118 2940 2736 2662 2995 3062 3048 3026 3010 2971 2947 2792 3018 2147 2126 2050 2029 2044
0 0 0 0 0 0 0 0 0 1392 2651 3095 3488 3415 3149 3118 3077 2906 2750 2550 3117 3486 3552 3616 3641 3722 3640 3419 3504 3571 3427 3773 3358 3131 2928 2714 2636 2505 3066 3056 2994 2995 2939 2968 2901 2439 2044 2090 2048 2038 2053
0 0 0 0 0 0 0 0 0 505 2631 3067 3419 3337 3180 3109 2922 2915 2851 2931 3199 3486 3556 3719 3772 3794 3742 3525 3499 3805 3768 3761 3371 3132 2919 2688 2501 2311 2611 2578 2964 2932 2933 2268 2112 2034 2066 2065 2043 2097 2071
0 0 0 0 0 0 0 0 0 723 2640 3118 3438 3088 2995 2973 2957 2793 2794 2919 3145 3406 3545 3775 3826 3826 3658 3687 3842 3806 3527 3138 3167 3051 2876 2530 2277 2161 2556 2412 2458 2840 2944 2838 2101 1953 2043 2040 2080 2036 2147
0 0 0 0 0 0 0 0 351 2366 2839 3251 3199 2790 2706 2772 2666 2204 2399 2730 3023 3267 3489 3718 3830 3867 3797 3800 4027 3549 2941 2753 2802 2897 2634 2321 2129 2104 1998 2296 2304 2377 2773 2913 2091 2038 2005 2006 2031 2048 2172
0 0 0 0 0 0 0 0 571 2663 2923 3234 2818 2600 2584 2665 2648 2658 2626 2704 2922 3132 3413 3628 3863 3975 3905 4102 3986 2964 2651 2543 2396 2366 2315 2173 2003 1943 1895 2252 2212 2356 2697 2901 2848 2157 1900 2033 2048 2071 2198
0 0 0 0 0 0 0 542 2350 2852 3106 3149 2641 2572 2681 2685 2600 2264 2356 2541 2781 3034 3341 3604 3462 3887 4083 4151 3541 2904 2591 2318 2249 2262 2227 2017 1979 1876 1781 1925 2144 2230 2293 2709 2328 2021 1849 2050 2073 2103 2180
0 0 0 0 0 0 0 596 2870 3092 3321 3113 2649 2629 2843 2602 2357 2235 2502 2574 2739 2979 3266 3533 3390 3694 4099 4147 3446 2914 2555 2220 2142 2181 2120 2003 2219 1989 2515 1861 2086 2114 2130 2600 2138 2043 1978 2110 2081 2102 2203
0 0 0 0 0 0 0 1524 2823 3185 3495 3152 2717 2722 2810 2513 2258 2141 2451 2571 2704 2843 3120 3423 3507 3632 4072 4204 3746 2901 2351 2210 2086 2219 2317 1952 1983 2104 2254 2264 2326 2656 2135 1961 1980 1984 1991 2054 2005 2013 2041
0 0 0 0 0 0 0 1998 2849 3301 3513 2897 2804 2753 2542 2413 2398 2390 2477 2664 2714 2745 2885 3161 3320 3520 4024 4243 4039 2854 2283 2202 2266 2226 2062 2052 1880 2102 2100 2251 2302 2142 2292 1849 1824 1744 1861 1869 1807 1815 1882
0 0 0 0 0 0 0 2054 2700 3151 2997 2854 2799 2531 2198 2380 2473 2552 2676 2674 2606 2644 2780 2936 3078 3479 3933 4199 4193 3294 2283 2239 2277 2166 2034 2218 2041 2068 2023 2412 2209 1975 2233 1990 1688 1625 1657 1697 1696 1694 1702
0 0 0 0 0 0 0 2000 2765 2999 2696 2836 2670 2543 2082 2324 2508 2627 2568 2588 2516 2582 2666 2796 2873 3353 3865 4104 4156 3586 2899 2767 2509 2334 2029 2100 2021 1992 1953 2175 2161 2133 2191 1711 1570 1523 1523 1575 1577 1574 1573
0 0 0 0 0 0 0 1719 2867 2828 2788 2610 2494 2061 2020 2261 2534 2557 2427 2459 2476 2516 2570 2589 2687 3215 3683 3987 4128 3923 3539 3214 2801 2343 1850 1928 1915 2075 2056 2115 2146 2174 2171 1593 1476 1447 1439 1475 1482 1473 1452
0 0 0 0 0 0 978 2492 3100 2753 2715 2501 2458 1973 2188 2247 2524 2248 2271 2347 2424 2444 2497 2475 2620 3213 3710 4025 4339 4372 3864 3642 3064 1979 1775 1766 1812 2008 2041 2096 2140 2153 1955 1628 1445 1407 1379 1391 1390 1370 1342
0 0 0 0 0 0 1532 2609 3453 2925 2249 2341 2231 1913 2164 2297 2477 2021 2220 2267 2348 2381 2436 2423 2593 3201 3497 4180 4596 4529 4025 3493 2334 1500 1664 1721 1776 2008 2004 2067 2120 2180 1907 1493 1407 1369 1403 1363 1340 1290 1234
0 0 0 0 0 0 0 2034 3513 3064 2146 2253 2129 2057 2178 2385 2161 1766 1786 2225 2302 2341 2318 2390 2575 3140 3536 4202 4547 4368 3527 2411 1850 1398 1637 1671 1691 1717 1807 2059 2097 1916 1629 1575 1494 1359 1319 1259 1250 1159 1136
0 0 0 0 0 0 0 1884 3298 3457 2578 1924 2113 2169 2235 2417 1977 1676 1680 2196 2280 2310 2316 2355 2564 3169 3788 4235 4145 3492 3182 2158 1804 1484 1739 1630 1686 1714 2005 2005 1858 1805 1557 1500 1429 1338 1276 1201 1182 1117 988
0 0 0 0 0 0 0 1641 3162 3577 2826 2181 2266 2162 2442 2260 1771 1847 2004 2203 2272 2320 2372 2322 2560 3221 3698 3898 3604 3398 3428 2582 1867 1419 1623 1629 1685 1878 1954 1976 1782 1820 1524 1522 1439 1418 1270 1223 1151 1047 968
0 0 0 0 0 0 0 1669 3143 3456 3267 2914 2646 2452 2478 1911 1663 2266 1980 2215 1951 2231 2278 2281 2594 3228 3527 3624 3452 3541 3772 3232 2043 1461 1756 1653 1708 1898 1934 2010 1983 1590 1625 1699 1455 1389 1278 1204 1157 1106 992
0 0 0 0 0 0 1436 2567 3524 3720 3784 3617 3198 2723 2283 1812 1518 2010 1945 1773 2090 2169 2248 2378 2518 3107 3537 3780 3724 3845 3792 3234 2070 1471 1764 1676 1882 1898 1976 2018 2069 1726 1683 1633 1669 1422 1308 1244 1200 1101 1020
0 0 0 0 0 0 1704 2570 3804 4057 3807 3476 2175 2336 2237 1815 1408 1687 1931 1634 2056 2185 2291 2508 2551 2955 3545 3866 3993 3987 3386 2608 1681 1786 1740 1913 2335 2417 1993 2029 1834 1648 1563 1583 1632 1471 1361 1311 1244 1176 1137
0 0 0 0 0 0 1727 2566 3595 3565 3103 2382 2221 2185 1933 1718 1355 1609 1955 1971 2188 2256 2395 2560 2801 3168 3613 3993 4118 3603 2726 2280 1693 1788 1726 1730 1919 2016 2005 2014 1632 1599 1646 1688 1737 1525 1402 1416 1331 1296 1264
0 0 0 0 0 0 1421 2856 3540 3426 2824 2558 2470 1949 1615 1382 1585 2019 1547 1746 2211 2259 2337 2552 2869 3212 3702 4029 3774 3182 2449 2109 1668 1812 1739 1875 1768 2007 1958 1930 1449 1546 1481 1548 1631 1689 1537 1487 1434 1398 1382
0 0 0 0 0 0 1678 3190 3826 3331 2868 2902 2409 1897 1395 1070 1526 1661 1514 1623 2080 2235 2331 2561 2916 3283 3732 3751 2968 3042 2551 2071 1524 1802 1763 1727 1720 1725 1888 1852 1409 1413 1423 1598 1685 1739 1644 1577 1518 1492 1495
0 0 0 0 0 0 1718 3180 4015 3787 3337 2601 2597 1914 1313 1304 1817 1649 1537 1666 1878 2234 2440 2615 2955 3405 3718 3506 3002 3226 2684 2026 1427 1711 1726 1884 1695 1709 1998 2078 1389 1378 1387 1565 1655 1736 1705 1604 1612 1607 1616
0 0 0 0 0 1299 2253 3498 4093 3897 3358 3141 2951 2615 1422 1533 1446 1316 1514 1797 2218 2466 2593 2708 3028 3506 3464 3205 3068 3417 3081 2100 1414 1625 1653 1704 1697 1808 1942 1903 1372 1423 1433 1528 1623 1717 1748 1711 1693 1699 1723
0 0 0 0 0 1426 2578 3538 3744 3156 2868 3057 3119 2690 1128 1521 1422 1249 1554 1899 2376 2617 2730 2784 3090 3348 3408 3367 3119 3236 3070 2345 1738 1537 1604 1653 1653 1757 1743 1620 1334 1412 1365 1487 1480 1687 1771 1762 1767 1753 1908
0 0 0 0 1122 2127 3033 3591 3464 2811 2565 2363 2671 2356 921 1528 1311 1285 1596 1940 2286 2744 2818 2847 2979 3020 3265 3536 3054 2730 2642 2312 1727 1553 1558 1670 1879 1714 1694 1531 1309 1394 1339 1465 1518 1662 1769 1813 1817 1882 2034
0 0 0 0 852 1954 2949 3426 3301 2796 2113 2172 2449 2023 930 1283 1296 1320 1560 2003 2560 2985 2948 2959 2667 2731 2974 3303 3058 2332 1983 1825 1702 1517 1499 1513 1678 1680 1656 1482 1275 1373 1379 1392 1520 1644 1772 1860 1954 2022 2127
0 0 0 0 1118 1992 2862 3279 3143 2038 2141 2150 2407 1794 1096 1659 1239 1279 1448 2196 2938 3019 2937 2835 2576 2616 2783 2942 3076 2269 1727 1627 1485 1591 1654 1639 1597 1439 1454 1459 1421 1364 1378 1364 1427 1618 1684 1872 1992 2068 2215
0 0 0 0 0 1660 2566 3089 2954 2151 2225 2038 2305 1619 1055 1387 1179 1224 1445 2169 2762 2685 2619 2579 2433 2495 2677 2796 2885 2563 1938 1705 1579 1652 1611 1560 1413 1406 1414 1434 1434 1347 1312 1408 1468 1597 1645 1864 1997 2108 2347
0 0 0 0 0 1450 2273 2796 2354 2142 1883 1736 1967 1328 966 1310 1130 1184 1430 2070 2354 2268 2254 2113 2234 2348 2441 2633 2595 2250 1959 1778 1612 1567 1561 1502 1377 1367 1384 1406 1424 1333 1297 1350 1475 1513 1606 1849 1997 2123 2481
0 0 0 0 0 949 1962 2269 1876 1466 1139 1170 1464 1032 877 983 981 1069 1423 2111 1989 2068 2067 1923 2115 2232 2508 2688 2473 1999 1696 1630 1524 1471 1481 1449 1432 1340 1352 1387 1421 1339 1300 1342 1469 1479 1573 1832 2081 2221 2483
0 0 0 0 0 0 1090 1436 1632 1477 1071 894 898 813 1079 901 910 979 1689 2065 2054 1810 1907 1890 2047 2125 2492 2596 2311 1929 1534 1457 1637 1416 1435 1395 1397 1319 1352 1384 1424 1346 1304 1331 1476 1547 1601 1927 1987 2117 2387
0 0 0 0 0 0 578 1219 1170 1082 832 766 637 737 630 798 834 1078 1598 1947 1843 1551 1684 1690 1648 2013 2506 2497 2067 1724 1477 1393 1551 1379 1328 1383 1469 1314 1345 1389 1425 1358 1371 1401 1399 1476 1778 1938 2128 2104 2447
0 0 0 0 0 0 0 463 680 207 620 429 586 940 565 752 758 1150 1639 1751 1479 1362 1438 1547 1448 1954 2602 2425 1765 1915 1536 1404 1491 1350 1299 1265 1286 1291 1343 1391 1437 1359 1327 1420 1481 1495 1807 1942 2052 2087 2419
0 0 0 0 0 0 0 127 0 0 0 151 442 631 930 770 692 970 1301 1499 1210 1193 1384 1399 1320 1668 2407 2280 1704 1918 1726 1575 1428 1382 1363 1437 1286 1304 1342 1407 1291 1363 1319 1361 1370 1687 1843 1958 1986 2083 2247
0 0 0 0 0 0 0 0 0 0 0 0 0 552 721 631 581 832 1359 1130 1127 1101 1275 1377 1123 1357 1725 2100 1578 1405 1670 1544 1390 1331 1329 1429 1278 1295 1348 1310 1323 1298 1330 1432 1680 1526 1865 1872 1968 2069 2324
0 0 0 0 0 0 0 0 0 0 0 0 92 264 274 538 560 1130 1229 1191 1276 1288 1232 1234 1084 1184 1405 1755 1471 0 1472 1495 1363 1295 1303 1349 1372 1425 1202 1276 1365 1324 1148 1185 1309 1534 1765 1843 1939 2046 2308
0 0 0 0 0 0 0 0 0 0 0 0 0 0 257 482 584 1099 1243 1261 1253 1190 902 875 1026 1201 1432 1623 1654 1455 1532 1407 1335 1191 1262 1335 1376 1292 1208 1221 1086 1079 1092 1119 1202 1518 1744 1804 1885 1992 2191
0 0 0 0 0 0 0 0 0 0 0 0 0 0 0 360 674 814 883 1127 1214 1069 0 0 844 1271 1470 1559 1636 1558 1502 1409 1337 1190 1339 1316 1405 1249 1390 1013 1004 1008 1073 1097 1139 1527 1726 1771 1831 1941 2157
0 0 0 0 0 0 0 0 0 0 0 0 0 0 0 155 793 798 0 731 1212 985 792 804 1055 1328 1489 1510 1594 1645 1472 1430 1360 1285 1229 1333 1187 1228 957 922 929 1000 1038 1098 1099 1232 1589 1645 1781 1888 2121
0 0 0 0 0 0 0 0 0 0 0 0 0 0 0 444 772 892 816 954 980 955 899 1032 1106 1398 1536 1550 1605 1697 1507 1416 1358 1310 1209 1228 1182 842 824 887 943 977 1007 1048 1162 1319 1455 1399 1760 1890 2081
0 0 0 0 0 0 0 0 0 0 0 0 0 0 0 529 803 813 1030 1161 977 937 978 1018 1213 1555 1629 1616 1694 1684 1470 1191 1116 1325 1298 1202 1101 987 795 812 903 928 990 1212 1362 1427 1644 1401 1826 1839 2039
0 0 0 0 0 0 0 0 0 0 0 0 0 0 0 842 936 834 1092 1216 985 1065 799 1012 1348 1820 1813 1745 1712 1619 1343 1118 1072 1402 1266 1187 1046 768 734 772 863 916 1110 1205 0 1218 1547 1619 1714 1795 1983
0 0 0 0 0 0 0 0 0 0 0 0 0 0 456 814 881 925 1317 1155 978 991 787 1119 1486 1881 2012 1865 1695 1577 1322 1108 1056 1303 1178 1173 1142 942 716 720 796 855 1105 1230 1054 1221 1468 1559 0 1739 1899
0 0 0 0 0 0 0 0 0 0 239 311 216 450 675 856 891 1215 1325 1028 990 984 789 874 1543 2001 2193 2104 1840 1614 1368 1211 1084 1264 1198 1315 1195 964 674 929 758 1048 1172 1246 1161 1239 1409 1517 1623 1691 1823
0 0 0 0 0 0 0 0 0 0 541 716 685 699 773 864 1292 1632 1272 1019 970 955 803 756 1665 2347 2491 2546 2296 1839 1507 1323 1161 1109 1261 1359 1056 1012 936 1000 1011 1116 1200 1317 1210 1284 1366 1474 1583 1641 1752
0 0 0 0 0 0 0 0 0 318 601 530 753 792 840 874 1630 1723 1088 1000 1056 1049 807 729 2157 2848 2854 2872 2908 2175 1659 1406 1293 1172 1349 1282 1023 1011 726 1065 1083 1141 1202 1315 1311 1310 1334 1456 1549 1576 1682
0 0 0 0 0 0 0 0 0 355 680 849 950 976 923 1144 1720 1359 937 983 1063 909 790 801 2355 3147 3046 2953 3010 2509 1893 1487 1336 1265 1439 1236 1072 1027 994 1104 1061 1161 1199 1293 1327 1361 1317 1422 1495 1604 1627
0 0 0 0 0 0 0 0 317 510 896 1133 1125 1106 1128 1414 1629 878 996 1383 961 823 802 1091 2565 3192 3203 3213 3137 2755 1999 1548 1314 1252 1392 1229 1036 1039 1029 1016 1037 1099 1144 1202 1276 1285 1335 1393 1448 1563 1592
0 0 0 0 0 0 0 0 318 492 1185 1531 1414 1389 1395 1513 1075 803 734 844 974 807 815 1418 2494 3249 3457 3581 3446 3098 2375 1552 1243 1208 1401 1357 1054 1059 1062 1047 984 1120 1108 1150 1206 1299 1295 1363 1409 1460 1567
0 0 0 0 0 0 0 0 308 475 1423 1953 1592 1475 1654 1250 793 616 551 633 699 700 810 1503 2544 3274 3538 3658 3387 2906 2187 1521 1308 1378 1337 1404 1074 1088 1122 1090 1041 1121 1136 1164 1153 1270 1286 1331 1377 1479 1539
0 0 0 0 0 0 0 0 293 570 1314 1882 1846 1713 1702 769 671 535 496 525 588 635 811 1566 2539 3180 3194 3145 2934 2344 1610 1407 1531 1526 1515 1430 1091 1122 1118 1136 1072 1105 1111 1088 1111 1169 1259 1300 1344 1448 1515
0 0 0 0 0 0 0 0 251 531 1257 1765 1850 2000 1464 664 629 511 448 490 532 574 931 1599 2347 2876 2803 2774 2650 2182 1596 1423 1598 1653 1581 1454 1099 1112 1059 1131 1063 1074 1083 1046 1054 1154 1195 1263 1368 1424 1494
0 0 0 0 0 0 0 0 261 557 1184 1598 1714 1752 1347 701 623 501 822 439 497 612 1044 1480 1955 2418 2392 2429 2234 1924 1567 1516 1615 1637 1447 1178 1044 1048 1041 1076 1041 1049 1007 1002 1019 1119 1176 1236 1352 1420 1403
0 0 0 0 0 0 0 0 309 545 1045 1354 1509 1503 942 741 654 993 887 937 791 707 953 1349 1638 1857 1869 1900 1898 1813 1578 1691 1628 1445 1291 1023 974 1015 971 989 978 947 967 970 997 1192 1136 1222 1295 1435 1531
0 0 0 0 0 0 0 0 0 493 853 1177 1382 1273 924 751 632 906 0 877 1039 771 951 1236 1425 1561 1605 1629 1735 1888 1553 1603 1538 1424 1190 980 953 937 873 920 1103 1094 901 906 1111 1103 1122 1221 1313 1463 1567
0 0 0 0 0 0 0 0 0 249 402 716 985 1016 759 696 586 820 0 765 986 774 874 1061 1251 1390 1480 1512 1752 1644 1327 1540 1358 1291 1126 825 826 814 838 852 1119 1144 1023 986 973 1024 1035 1191 1311 1468 1587
0 0 0 0 0 0 0 0 0 0 258 613 687 755 564 322 0 450 427 611 466 629 780 974 1209 1336 1391 1461 1641 1575 1475 1388 1246 995 916 868 836 805 816 938 973 1006 1019 1037 963 1004 1054 1166 1296 1457 1594
0 0 0 0 0 0 0 0 0 0 312 767 723 677 285 0 0 0 0 223 617 570 671 872 1212 1392 1387 1617 1625 1551 1369 1164 914 871 833 798 758 764 748 939 916 936 938 937 866 953 1017 1117 1239 1430 1572
0 0 0 0 0 0 0 0 0 0 326 783 702 645 0 0 0 0 0 402 511 560 719 835 1193 1332 1513 1572 1564 1497 1277 1037 952 897 861 820 758 681 738 772 861 866 843 866 901 886 970 1071 1219 1340 1532
0 0 0 0 0 0 0 0 0 0 413 606 489 165 0 0 0 0 0 0 476 569 693 876 1321 1416 1475 1415 1516 1439 1185 980 917 819 876 724 686 675 689 778 800 810 740 748 844 849 918 1019 1146 1280 1484
