---
Depth of Critical Updraft Strength (AGL Hcrit) [ft] Valid 1200 PST ~Z75~(2000Z)~Z~ FRI 19 May 2017 ~Z75~[20hrFcst@1453z]~Z~
Model= RASP Region= PANOCHE Grid= w2 Reskm= 1.3 Indexs= 1 69 1 63 Proj= lambert 1333 1333 40.0000 40.0000 -73.0000 36.8890 -121.0672
Day= 2017 5 19 FRI ValidLST= 1200 PST ValidZ= 2000 Fcst= 20.0 Init= 12 Param= dwcrit Unit= ft Mult= 1 Min= 0 Max= 5329
4079 3941 3666 3585 3594 3683 3801 3886 3956 4133 4297 4428 4672 4768 4823 4861 4878 4870 4845 4808 4772 4755 4740 4727 4715 4713 4709 4703 4725 4830 4810 4814 4856 4955 5019 5105 5177 5193 5044 5066 4734 4709 4483 4301 3965 3641 3419 3315 3265 3357 3367 3488 3353 3400 3668 3558 3612 3512 3419 3175 3291 3184 3297 3517 3654 3904 3954 3689 3721
3880 3631 3555 3557 3586 3685 3801 3874 3927 4061 4254 4504 4653 4766 4837 4887 4910 4896 4861 4812 4771 4747 4722 4707 4698 4694 4700 4659 4664 4823 4821 4874 4920 4981 5064 5064 5110 5016 5070 4987 4871 4735 4503 4315 4071 3776 3711 3337 3307 3248 3246 3237 3458 3430 3509 3581 3541 3318 3230 3185 3215 3204 3306 3516 3640 3757 3786 3984 3870
4032 4053 3755 3562 3591 3678 3794 3882 3955 4105 4232 4375 4647 4777 4866 4910 4934 4916 4865 4802 4738 4684 4650 4635 4654 4647 4632 4610 4801 4894 4777 4919 4967 5035 5139 5108 5124 5119 4965 4968 4870 4725 4525 4343 4144 3898 3667 3419 3162 3252 3250 3411 3467 3331 3442 3664 3628 3480 3285 3362 3215 3235 3312 3653 3649 3719 3851 3757 3655
3908 3919 3499 3703 3562 3624 3745 3822 3937 4072 4218 4369 4641 4795 4875 4917 4946 4938 4864 4754 4646 4578 4563 4565 4589 4600 4594 4604 4852 4906 4838 4972 4951 5025 5144 5139 5134 4993 4915 4943 4849 4688 4522 4354 4216 4016 3794 3533 3235 3339 3322 3520 3514 3514 3281 3296 3525 3287 3426 3316 3311 3324 3275 3456 3604 3670 3679 3714 3806
3858 3505 3389 3545 3470 3548 3720 3836 3957 4106 4212 4500 4662 4846 4891 4911 4961 5006 4889 4705 4562 4451 4484 4495 4559 4622 4592 4601 4922 4935 4943 5005 5016 5010 5218 5155 5161 4971 5009 4940 4892 4771 4540 4341 4219 3989 3709 3395 3166 3633 3672 3281 3262 3372 3272 3201 3654 3263 3238 3240 3284 3328 3135 3597 3516 3702 3785 3825 3760
3644 3673 3546 3561 3527 3632 3787 3860 3995 4136 4247 4414 4736 4877 4902 4995 5076 4948 4739 4611 4475 4395 4435 4450 4575 4589 4595 4632 4823 4927 4934 4991 4994 4973 5162 5033 5009 4923 4919 4799 4685 4702 4572 4299 4169 3984 3713 3261 3266 3026 3293 3606 3248 3369 3295 3197 3268 3280 3335 3363 3274 3413 3241 3231 3563 3629 3670 3677 3434
3688 3589 3586 3606 3590 3546 3839 3955 4087 4216 4343 4505 4870 4938 5042 5107 4980 4860 4682 4593 4489 4421 4369 4460 4563 4569 4600 4577 4695 4840 4891 4946 5085 4999 5135 5132 5085 4997 4845 4741 4672 4624 4577 4400 4164 4002 3856 3592 3140 3156 3386 3291 3340 3234 3402 3266 3542 3220 3432 3385 3366 3517 3619 3429 3394 3519 3312 3342 3367
3431 3587 3598 3641 3653 3620 3925 4075 4384 4472 4291 4629 4903 4988 5140 5014 4943 4762 4621 4614 4553 4428 4252 4377 4467 4477 4548 4541 4601 4708 4866 5058 5195 5095 5088 5131 5046 4940 4773 4608 4582 4528 4455 4500 4287 4040 3921 3699 3319 3169 3523 3726 3585 3241 3564 3308 3235 3188 3679 3783 3197 3627 3422 3493 3504 3299 3231 3167 3090
3368 3552 3586 3657 3705 3867 4013 4153 4268 4350 4675 4722 4893 5045 4979 4960 4796 4623 4661 4723 4583 4329 4200 4244 4240 4259 4331 4482 4603 4743 4894 5113 5282 5172 5068 5114 5033 4922 4716 4716 4617 4464 4359 4405 4379 4103 3862 3810 3725 3250 3316 3688 3455 3334 3226 3294 3420 3214 3741 3353 3282 3540 3295 3295 3441 3283 3186 3102 3158
3382 3411 3539 3633 3715 3880 4005 4107 4251 4465 4996 4955 4961 4975 4918 4865 4678 4660 4805 4716 4464 4236 4166 4210 4175 4157 4255 4478 4619 4696 4813 5115 5329 5104 4871 5041 4984 4962 4785 4704 4643 4447 4315 4430 4362 4054 3706 3773 3769 3492 3702 3393 3585 3390 3195 3226 3478 3297 3227 3339 3471 3143 3080 3216 3634 3274 3185 3256 3145
3236 3281 3457 3584 3663 3836 3937 4073 4311 4560 5094 5024 4986 4927 4923 4873 4778 4862 4963 4647 4390 4169 4041 4150 4140 4220 4201 4469 4544 4591 4737 5034 5234 4928 4601 4679 4774 4905 4857 4771 4666 4454 4301 4126 3965 3916 3754 3465 2969 3267 3473 3212 3182 3344 3488 3236 3916 3386 3590 3240 4122 3330 0 3186 3602 3265 3334 3246 2979
3116 3179 3359 3535 3587 3735 3890 4100 4373 4606 4835 4942 4925 4852 4867 4870 4737 4833 4852 4563 4324 4050 3872 3910 4047 4217 4398 4464 4476 4493 4587 4811 4738 4427 4065 4284 4471 4848 4807 4603 4356 4331 4154 3935 3697 3510 3801 3620 3154 3073 3683 3597 3079 3548 3048 3086 3467 3456 3299 3572 4026 3724 3360 3327 3517 3474 3169 3072 2965
3038 3094 3265 3447 3514 3660 3861 4064 4321 4521 4564 4511 4608 4616 4715 4749 4557 4555 4516 4371 4270 3968 3779 3787 3891 4183 4395 4497 4476 4439 4441 4498 4431 4267 4095 4342 4466 4635 4722 4564 4195 4044 3960 3636 3534 3352 3405 2961 3084 3087 3419 3350 3002 3039 3036 3036 3858 3724 3519 3258 3397 3704 3346 3300 3169 3240 3143 3046 2944
2883 2899 3161 3337 3412 3602 3785 3979 4173 4479 4443 4422 4534 4542 4627 4656 4512 4451 4262 4269 4266 4014 3856 3909 4055 4257 4420 4437 4386 4335 4224 4228 4271 4367 4394 4521 4586 4639 4583 4506 4135 3961 3884 3690 3558 3477 3313 3259 3188 3196 3370 3395 3009 3006 3234 2968 3304 3576 3726 3335 3188 3615 3347 3572 3150 3209 3156 3020 2887
2829 2823 2998 3225 3314 3546 3709 3887 4121 4373 4277 4303 4348 4565 4627 4656 4573 4436 4220 4263 4275 4154 4034 4113 4251 4410 4414 4264 4174 4184 4207 4268 4237 4495 4670 4554 4510 4507 4583 4421 4378 4215 3886 3751 3764 3465 3376 3446 3210 3294 2958 3332 3018 3186 2946 2943 3278 3470 3229 3265 3102 3240 3374 3591 3111 3144 3253 2993 2877
2727 2728 2869 3129 3229 3469 3625 3804 4063 4202 4174 4182 4433 4545 4615 4576 4461 4246 4174 4275 4389 4271 4176 4268 4323 4343 4350 4221 4127 4155 4229 4273 4189 4222 4480 4547 4487 4486 4712 4655 4455 4286 4026 3867 3907 3699 3555 3420 3365 3339 3033 3260 2953 3013 3037 2922 2965 3151 3527 3252 3195 3502 3637 3569 3100 3115 3217 3124 2869
2570 2595 2771 3017 3164 3357 3526 3711 3924 4134 4094 4137 4262 4438 4351 4352 4210 3843 4003 4352 4462 4183 4346 4380 4215 4177 4223 4222 4198 4192 4225 4232 4163 4188 4360 4505 4526 4640 4825 4889 4758 4535 4183 3884 3815 3662 3474 3379 3348 3329 3114 3179 3107 3244 3272 2996 3197 3344 3004 3113 3240 3289 3422 3596 3163 3073 2940 2899 2857
2473 2505 2642 2906 3048 3254 3423 3615 3839 4097 3927 3985 4196 4278 4520 4277 4193 3890 4222 4402 4413 4282 4276 4218 4137 4059 4133 4196 4224 4202 4213 4185 4120 4199 4350 4429 4555 4807 4787 4724 4829 4688 4431 3879 3572 3551 3399 3335 3276 3213 3130 3286 3265 3082 3029 3015 3072 3160 3050 3025 3252 3179 3465 3361 3037 2994 2904 2869 2863
2375 2412 2557 2836 2939 3170 3349 3506 3784 4031 3824 3779 3836 4260 4446 4279 4250 4167 4241 4350 4261 4072 3875 3943 4042 4032 4058 4147 4194 4186 4221 4167 4061 4134 4206 4386 4557 4456 4350 4264 4336 3975 4081 3947 3594 3476 3291 3267 3284 3249 3342 3318 3458 3085 2998 3111 2917 2916 3089 3029 2908 2840 3024 3024 2936 2888 2858 2823 2992
2261 2300 2472 2746 2893 3072 3239 3406 3615 3828 3534 3665 3833 4254 4367 4310 4250 4185 4249 4258 4074 3854 3646 3790 3894 3995 3991 4059 4095 4141 4209 4102 4007 3822 3934 4336 4560 4244 3926 4000 3975 3718 3820 3890 3896 3558 3213 3035 3216 3180 3360 3121 3362 3019 2944 3036 2970 3093 3057 2870 2812 2770 2883 2822 2764 2814 2800 2769 2735
2164 2207 2354 2646 2814 2976 3150 3320 3510 3738 3532 3755 3906 4100 4376 4302 4215 4173 4227 4194 3885 3779 3802 3815 3828 3864 3912 3978 3913 4030 4130 3965 3843 3850 3917 4346 4412 4003 3847 3898 3859 3567 3802 3829 3838 3778 3378 3080 2973 3161 3124 3464 3151 3098 2922 2969 3069 2896 3230 2933 2715 2651 2987 2792 2871 2781 2746 2782 2687
2056 2097 2255 2578 2749 2908 3116 3307 3586 3758 3699 3809 3716 4092 4420 4322 4191 4172 4223 4222 4100 4032 4027 3909 3838 3851 3978 4050 3939 3939 4037 4035 4163 4202 4244 4297 4187 4012 3974 4084 3961 3693 3596 3686 3633 3662 3600 3298 2999 2906 3313 3364 3258 3173 2951 2909 3054 2937 3127 2876 2713 2634 3003 2839 2995 2735 2837 2671 2653
1970 2012 2174 2488 2658 2886 3109 3327 3712 3817 3823 3854 3862 3881 4386 4305 4200 4198 4219 4214 4256 4126 4027 3977 3899 3894 3927 4058 4104 3960 4108 4217 4312 4376 4370 4068 3896 4017 4046 4059 3858 3559 3332 3598 3633 3514 3477 3451 3089 2930 3008 3372 3068 3177 3128 3035 3183 2935 2928 2845 2670 2612 2937 2900 2659 2660 2648 2633 2624
2019 1945 2096 2384 2592 2813 3068 3304 3731 3823 3841 3955 3662 3842 4290 4255 4183 4179 4111 4051 3942 3875 3845 3887 3889 3834 3844 3791 3944 4121 4327 4502 4510 4284 4176 3813 3831 3930 3944 3913 3892 3642 3384 3550 3744 3456 3267 3283 3177 2970 3069 3410 2945 3032 3080 3115 3133 3019 3011 2984 2811 2730 2884 2608 2621 2622 2620 2615 2613
1818 1879 2054 2308 2504 2688 2981 3197 3643 3764 3807 4073 3758 3975 4212 4179 4094 4055 3917 3891 3776 3699 3719 3817 3786 3696 3706 3830 4064 4246 4524 4630 4559 4233 4179 3938 3935 4039 3972 3908 3893 4031 3561 3655 3551 3397 3076 3071 3043 2911 2939 3370 2932 2936 3011 3026 2943 2937 2986 2886 2958 2766 2599 2631 2644 2613 2609 2604 2605
1750 1788 2013 2284 2461 2603 2909 3156 3567 3768 3840 4132 3897 3931 3887 4132 3993 3937 3732 3715 3543 3518 3542 3659 3754 3779 3807 3835 4014 4168 4492 4694 4555 4343 4262 4217 4126 4170 4082 3940 4036 3904 3635 3270 3248 3035 2889 2952 2976 2877 3021 2931 2885 3131 3204 2977 2983 2966 3040 2839 2818 2671 2676 2623 2592 2608 2605 2600 2602
1699 1745 1910 2250 2445 2588 2882 3159 3662 3841 4081 4187 4350 3912 4106 4144 3952 3862 3637 3598 3255 3305 3486 3593 3700 3804 3889 3863 3882 4095 4486 4648 4559 4493 4377 4421 4222 4151 4062 3978 3984 3721 3220 3087 3011 3000 2914 2908 2972 2935 2795 2892 2839 2779 2827 3171 2850 2865 2980 2813 2832 2851 2935 2605 2622 2613 2607 2601 2628
1689 1740 1850 2193 2413 2581 2878 3162 3705 3919 4049 4179 4252 4008 3834 4108 4029 3814 3606 3573 3428 3426 3454 3684 3559 3619 3774 3789 3814 3979 4373 4613 4561 4527 4352 4395 4255 3942 3963 3944 3860 3528 3208 3032 2979 3108 2925 2826 3012 3303 2895 2842 2835 2735 2815 2964 2844 2882 3000 2787 2738 3016 2674 2607 2642 2619 2736 2605 2605
1672 1727 1826 2138 2375 2562 2873 3123 3576 3806 3799 4324 4061 3862 3944 3970 3963 3742 3607 3594 3605 3593 3335 3589 3513 3518 3549 3597 3780 4057 4451 4734 4560 4470 4271 4257 4227 4016 3846 4176 4092 3794 3173 3046 2991 3133 3110 2976 3033 3353 2973 2901 2813 2730 2768 2965 2934 2885 2957 2863 2839 2642 2725 2610 2612 2620 2616 2610 2609
1651 1715 1807 2196 2465 2562 2913 3036 3446 3776 3754 4280 4038 3782 3736 3763 3710 3652 3600 3581 3568 3496 3231 3496 3505 3554 3564 3599 3780 4156 4569 4720 4651 4482 4289 4254 4186 4012 3795 3940 3982 3664 3315 3090 3221 3266 3265 3243 3099 3328 3122 2857 2845 2725 2677 3044 2954 2845 2943 2739 2766 2682 2943 2670 2664 2630 2622 2616 2614
1612 1678 1854 2289 2408 2614 2638 2790 3406 3778 3769 4223 4036 3737 3657 3634 3666 3600 3543 3491 3386 3327 3278 3432 3604 3589 3661 3658 3684 4055 4497 4616 4591 4506 4377 4218 4027 3934 3629 3552 3935 3583 3260 3259 3226 3383 3343 3392 3230 3168 3016 2781 2813 2709 2701 2908 2922 2704 2780 2781 2762 2590 2643 2626 2675 2647 2629 2621 2617
1567 1638 1753 2048 2275 2613 2553 3120 3302 3787 3711 3983 3921 3647 3621 3598 3601 3434 3415 3362 3286 3275 3156 3277 3357 3398 3584 3602 3510 3664 4409 4539 4470 4444 4302 4128 3885 3702 3695 3597 3594 3546 3387 3245 3146 3213 3141 3077 3043 3133 2982 2744 2806 2765 2741 2768 2695 2696 2762 2675 2740 2596 3058 2682 2805 2682 2637 2626 2621
1515 1591 1726 1892 2132 2440 2691 3173 3241 3791 4256 3958 3730 3589 3606 3660 3438 3291 3298 3279 3243 3056 3028 3110 3298 3642 3601 3554 3278 3727 4364 4549 4476 4461 4365 4176 3849 3745 3731 3723 3823 3647 3290 3173 3073 2905 2856 3215 3195 3249 2913 2794 2862 2893 2801 2748 2729 2692 2823 2722 2819 2602 2597 2588 3072 2697 2646 2632 2625
1467 1539 1663 1876 2037 2278 2608 2997 3219 3723 4199 3948 3670 3563 3590 3639 3340 3223 3304 3247 3155 2965 2982 3017 3229 3598 3583 3514 3448 3823 4457 4852 4669 4423 4386 4196 3989 3807 3870 3962 3832 3456 3286 3201 3054 3195 3109 3087 3331 3348 3267 2873 2851 2910 2919 2914 2743 2896 2808 2703 2940 2641 2668 2624 2627 2660 2651 2636 2630
1426 1462 1654 1786 1872 2118 2542 2819 3122 3784 3796 3881 3649 3514 3579 3552 3276 3190 3288 3294 3139 2923 2844 2752 2979 3507 3634 3431 3226 3855 4427 4744 4554 4192 4198 4060 4103 3878 3888 4348 4002 3650 3460 3415 3414 3387 3459 3331 3387 3383 3305 2934 2869 2931 3184 2820 2770 2770 2752 2670 2924 2666 2618 2610 2597 2910 2901 2645 2634
1381 1477 1482 1464 1759 2030 2257 2606 3059 3587 3698 3462 3492 3505 3461 3407 3259 3168 3176 3274 3120 2888 2562 2372 2774 3106 3428 3230 3232 3706 4153 4191 4232 4136 4083 3960 4008 3986 4034 4254 4455 3951 3730 3609 3699 3661 3465 3169 3371 3533 3345 3244 2895 3230 3011 2932 2809 3037 2821 2746 2766 2642 2727 2709 2707 2690 2678 2654 2875
1319 1370 1301 1712 1714 1904 1893 2422 3100 3482 3409 3407 3469 3496 3364 3329 3287 3159 3208 3230 3034 2720 2435 2283 2443 2618 3021 3199 3219 3546 3796 3868 4013 4155 4124 4121 3958 4121 4099 4440 4263 4223 3899 3934 3571 3682 3531 3423 3315 3469 3328 3099 2901 2980 3262 3073 3018 2922 3148 2859 2873 2710 2718 2692 2650 2741 2784 2667 2636
1236 1301 1441 1536 1640 1753 1952 2224 2900 3209 3423 3488 3356 3354 3285 3288 3280 3179 3151 3107 2944 2674 2430 2225 2248 2327 2833 3116 3264 3486 3553 3769 3893 4190 4288 4438 4158 4266 4254 4255 4282 4050 3917 3998 3695 3667 3509 3499 3339 3469 3326 3203 2966 3325 3262 3641 3508 3550 3298 2836 3047 2828 3132 2943 2839 2757 2736 2694 2641
1174 1234 1331 1432 1469 1662 1840 2357 2777 2826 3239 3235 3240 3222 3019 3225 3073 3250 3227 3162 2908 2756 2517 2294 2153 2261 2521 2884 3224 3507 3644 3829 3962 4190 4481 4535 4257 3994 4067 4119 4153 3935 3757 3883 3654 3671 3538 3559 3373 3447 3418 3118 3193 3216 3219 3521 3384 3540 3465 3269 2807 2773 2748 2940 2895 2857 2807 2813 2669
1128 1180 1292 1396 1456 1659 1843 2356 2699 2954 3131 3081 3108 2922 2925 3021 3089 3275 3237 3171 2923 2723 2623 2353 2257 2269 2270 2576 2937 3267 3522 3748 3941 4220 4331 4209 4218 3858 3907 3934 3750 3631 3632 3760 3614 3647 3471 3425 3294 3352 3439 3327 3450 3170 3264 3315 3379 3529 3204 3287 2984 2889 2830 3413 3399 2842 2834 2772 2811
1096 1164 1287 1402 1473 1887 2115 2445 2511 3041 3168 2988 2961 2862 2892 2990 3284 3282 3237 3157 2913 2582 2378 2311 2353 2312 2252 2508 2598 2773 3007 3364 3750 4010 3925 4158 4144 3566 3675 3616 3539 3246 3322 3593 3620 3650 3461 3438 3406 3299 3409 3201 3323 3087 3038 3065 3139 3414 2979 2870 2727 2627 2952 2810 2670 2794 2815 2846 2794
1045 1135 1302 1434 1741 1961 1980 2219 2412 2718 2814 2842 2914 2960 2859 2960 3240 3272 3219 3112 2885 2672 2405 2336 2507 2432 2418 2369 2326 2318 2350 2868 3227 3560 3848 4091 4097 3312 3412 3332 3264 3012 2942 3555 3519 3474 3349 3328 3324 3183 3360 3119 3233 3336 3005 2923 3196 3155 2944 2877 2797 2655 2948 2796 2567 2707 2823 2836 2882
1037 1155 1490 1647 1782 1982 2098 2438 2685 2608 2704 2757 2839 2918 2965 3117 3203 3228 3189 3093 2876 2705 2473 2441 2364 2284 2305 2374 2363 2404 2431 2616 2937 3361 3524 3764 3826 2915 2752 3017 2997 0 0 3440 3491 3395 3359 3245 3145 3002 3218 3014 3175 2911 2795 2712 3031 2794 2843 2767 2868 2658 2636 2857 2600 2726 2832 2998 2898
1025 1157 1494 1652 1789 1876 1912 2217 2338 2455 2647 2715 2852 2860 2918 3051 3141 3149 3115 3076 2913 2701 2493 2452 2324 2274 2290 2333 2408 2592 2634 2749 2977 3280 3330 3548 3530 2940 0 0 0 0 3184 3314 3389 3057 3357 3203 3044 2665 3035 2893 3155 3179 2898 2927 2827 2814 2865 2846 2902 2675 2828 2934 2583 2726 2830 2900 2906
1002 1145 1480 1630 1781 1827 2036 2149 2349 2359 2418 2613 2747 2763 2926 2988 3058 2882 2972 3025 2857 2761 2511 2410 2262 2199 2184 2302 2519 2653 2842 2883 3072 3219 3226 3522 3714 3072 0 0 0 0 3249 3146 3226 3034 3058 3078 2963 2622 2872 2612 3007 2942 2778 3033 2836 2770 2813 2920 2932 2668 2786 2962 2837 2725 2950 2662 2816
989 1281 1441 1578 1738 1765 1934 2044 2200 2233 2295 2481 2658 2758 2840 2904 2950 2967 2924 2971 2830 2669 2470 2297 2178 2092 2031 2289 2637 2776 2884 3010 3198 3217 3264 3471 3772 3400 0 0 0 3280 3210 3099 2973 3169 3009 2981 2870 2592 2771 2694 2964 2883 2999 3225 3011 2944 2951 2989 2947 2688 2783 2950 3021 2712 2733 2568 2545
972 1238 1382 1513 1644 1701 1751 1969 2058 2064 2099 2366 2616 2652 2659 2739 2766 2810 2862 2896 2780 2488 2313 2145 2096 2097 2014 2169 2636 2803 2895 3060 3203 3248 3357 3318 3548 3533 3306 0 0 3329 3268 3152 3103 3219 3083 2963 2698 2721 2573 2775 2783 3041 2898 3054 2899 2972 2811 2885 2811 2575 2552 3028 2950 2908 2673 2487 2559
932 1052 1299 1470 1495 1512 1654 1800 1868 1868 2065 2306 2448 2493 2578 2655 2774 2726 2770 2729 2665 2403 2156 2008 2107 2146 1945 2066 2607 2834 2937 3016 3034 3175 3320 3543 3692 3872 3736 3446 3510 3545 3507 3439 3305 3233 3152 3124 2998 2758 2748 2592 2749 2946 2821 3057 2869 2940 2972 2995 2896 2622 2789 2917 2928 2859 2488 2394 2319
970 991 1201 1328 1363 1462 1530 1678 1733 1785 1997 2197 2169 2238 2481 2618 2664 2620 2588 1047 2453 2305 2087 1995 1066 1992 1867 2066 2462 2594 2718 2853 2896 3021 3310 3627 3769 3837 3815 3662 3607 3857 3546 3488 3386 3283 3121 2990 2936 2829 2810 2632 2804 2802 3140 2927 2860 2816 2912 2692 2888 2882 2838 2889 2621 2807 2534 2323 2302
849 1080 1153 1194 1114 1220 1246 1440 1513 1784 1998 2268 2247 2357 2457 2586 2599 2526 2342 792 635 602 2168 2091 2023 987 1943 2053 2326 2572 2640 2741 2897 3039 3275 3602 3812 3935 4016 3803 3774 3847 3788 3647 3454 3240 3084 2974 2894 2562 2530 2523 2574 2580 2886 2996 3297 2935 2872 2749 2843 2918 2907 2929 2922 2802 2656 2412 2383
833 1040 1004 1018 0 0 1078 1204 1211 1746 1821 1886 2143 2321 2418 2567 1473 1310 776 410 576 959 1229 1795 1736 2050 2235 2166 2299 2520 2550 2604 2873 3061 3243 3544 3815 4063 4141 3837 3875 3764 3700 3522 3355 3277 3174 3044 2969 2697 2613 2637 2643 2615 2805 2749 3068 2753 2793 2785 2842 2888 2831 2743 2866 2691 2616 2231 2263
826 923 971 950 0 0 1038 1066 1185 1789 1874 2101 2268 2365 2516 2408 2453 1229 890 594 1772 2010 2036 1880 1755 2059 2340 2413 2511 2582 2570 2688 2926 3187 3364 3553 3724 3895 4012 3835 3925 3843 3812 3543 3402 3185 2975 2937 2947 2886 2829 2567 2608 2570 2526 2992 3074 2811 2642 2721 2692 3349 2971 2854 2925 2738 2261 2191 2125
900 893 951 0 0 0 961 955 1106 1739 2052 2170 2350 2433 2377 2363 2293 1102 1883 1815 2003 2028 2018 2043 2211 2515 2694 2732 2646 2672 2695 2775 2974 3212 3399 3532 3620 3767 3984 3830 3856 3880 3670 3485 3304 3148 2926 2873 2879 2869 2851 2707 2827 2573 2617 2881 2689 3254 2817 2680 2494 2949 2802 2545 2708 2346 2233 2164 2080
906 922 949 895 0 0 246 365 950 1501 2050 2427 2388 2493 2411 2383 1342 1279 1900 1919 1976 2027 2035 2135 2443 2779 3011 2951 2764 2764 2842 2924 3096 3303 3513 3639 3779 3856 4042 4064 3987 3884 3789 3676 3464 3192 2958 2871 2635 2649 2643 2694 2697 2448 2555 2678 2914 3105 2864 2827 2447 2410 2805 2701 2634 2261 2209 2148 2069
847 938 964 956 0 0 0 957 1259 1838 2175 2282 2358 2403 2412 2473 1227 2004 1978 1940 1972 1985 2005 2274 2585 2843 3235 3268 3052 3012 3140 3205 3253 3415 3560 3725 3898 4065 4162 4140 3982 3807 3620 3559 3250 3002 2887 2810 2544 2517 2479 2508 2658 2459 2533 2477 2644 2748 2983 2942 2486 2398 2614 2480 2213 2220 2188 2147 2105
941 951 1023 1032 0 909 1075 1343 1727 2138 2332 2520 2613 2625 2517 2490 2233 2099 2107 2033 2034 2126 2307 2568 2776 3044 3281 3555 3491 3369 3383 3421 3455 3530 3657 3798 4002 4140 4377 4217 4052 3885 3649 3531 3108 3106 2938 2911 2851 2767 2539 2522 2626 2418 2497 2486 2462 2398 2592 2669 2694 2639 2435 2169 2094 2005 2124 2103 2087
925 956 1091 1055 0 978 1231 1560 1941 2371 2657 2607 2724 2596 2571 2510 2256 2120 2071 2035 2086 2220 2311 2553 2774 3075 3393 3687 3812 3687 3584 3596 3623 3674 3768 3916 4067 4166 4394 4184 4060 3788 3481 3102 2898 2915 2861 2836 2844 2842 2841 2771 2648 2384 2349 2330 2489 2485 2635 2557 2581 2389 2093 1985 1819 1902 1911 2102 2020
886 942 1088 1080 1125 1338 1674 1843 2197 2632 2801 2740 2644 2419 2510 2500 2263 2131 2073 2079 2207 2320 2557 2730 2972 3246 3531 3768 4017 3888 3762 3762 3778 3818 3895 4039 4129 4195 4364 4257 4009 3747 3271 2925 2685 2604 2798 2763 2697 2678 2700 2732 2677 2489 2476 2467 2543 2526 2766 2500 2465 2371 1999 1843 1828 1994 1988 1996 1892
937 1064 1042 1127 1223 1365 1718 1988 2462 2616 2748 2661 2876 2517 2444 2443 2238 2201 2131 2163 2252 2400 2612 2822 3099 3359 3642 3842 4084 4080 3962 3934 3938 3975 4026 4105 4153 4322 4302 4225 4016 3714 3301 2849 2636 2562 2585 2786 2739 2731 2711 2726 2830 2736 2513 2754 2666 2632 2620 2230 2218 2112 1846 2049 1994 1777 1899 1721 1821
946 1089 1141 1214 1381 1560 1845 2152 2476 2540 2623 2609 2797 2563 2500 2490 2278 2277 2253 2281 2379 2560 2693 2932 3205 3432 3653 3835 3981 4042 4049 4060 4068 4089 4115 4138 4169 4195 4154 4066 3867 3606 3075 2762 2596 2538 2645 2636 2523 2530 2634 2619 2600 2639 2604 2509 2447 2279 2247 2141 2227 1816 1788 1948 1914 1846 1617 1626 1718
1012 1142 1207 1379 1629 1833 2200 2346 2516 2507 2543 2536 2535 2520 2476 2432 2244 2211 2274 2322 2515 2704 2829 3085 3329 3516 3714 3890 4003 4068 4094 4120 4129 4156 4184 4199 4223 4198 3984 3928 3638 3252 2798 2575 2424 2356 2370 2420 2486 2529 2614 2549 2544 2486 2377 2355 2327 2173 2119 1990 2028 1811 1755 1755 1736 1592 1600 1616 1691
1161 1198 1200 1530 1840 2075 2408 2545 2517 2528 2527 2517 2514 2504 2510 2366 2210 2188 2235 2200 2704 2721 2923 3175 3404 3572 3763 3939 4038 4109 4136 4178 4190 4219 4234 4231 4238 4188 4098 3781 3481 3096 2693 2490 2328 2261 2276 2341 2437 2484 2563 2463 2439 2386 2211 2301 2144 2116 2063 2116 1973 1877 1680 1540 1544 1556 1579 1692 1634
1200 1237 1435 1742 2094 2396 2565 2599 2623 2562 2533 2510 2503 2469 2455 2316 2256 2263 2361 2444 2771 2953 2891 3224 3451 3609 3801 3967 4074 4146 4196 4239 4248 4252 4241 4204 4203 4146 4033 3687 3455 3087 2691 2485 2328 2248 2237 2283 2380 2421 2485 2376 2220 2289 2213 2163 2133 2106 2054 2001 1892 1737 1679 1680 1527 1538 1561 1588 1616
