---
Height of BL Top [ft] Valid 0700 PST ~Z75~(1500Z)~Z~ FRI 19 May 2017 ~Z75~[15hrFcst@1429z]~Z~
Model= RASP Region= PANOCHE Grid= d2 Reskm= 4.0 Indexs= 1 51 1 69 Proj= lambert 4000 4000 40.0000 40.0000 -73.0000 36.6487 -121.0445
Day= 2017 5 19 FRI ValidLST= 700 PST ValidZ= 1500 Fcst= 15.0 Init= 12 Param= hbl Unit= ft Mult= 1 Min= 36 Max= 5686
36 36 36 36 38 67 111 209 352 542 750 1200 1435 1572 1699 1768 1793 1819 1873 1881 1929 1920 1993 2061 2155 2240 2313 2301 2347 2235 2172 1979 1754 1481 1230 1075 996 918 840 776 747 727 719 705 685 672 671 649 662 665 668
36 36 36 36 36 51 77 162 296 481 695 1155 1424 1595 1708 1727 1749 1752 1760 1754 1799 1831 1904 1960 2115 2226 2333 2377 2382 2352 2296 2054 1874 1536 1279 1111 998 933 836 774 741 718 715 703 690 681 676 643 669 672 671
36 36 36 36 36 40 50 126 255 453 690 1161 1433 1604 1703 1700 1707 1689 1638 1660 1691 1748 1814 1906 2074 2241 2366 2436 2440 2444 2379 2175 1944 1626 1387 1176 1031 917 847 772 735 711 701 696 692 688 686 666 666 668 656
36 36 36 36 36 38 39 116 254 453 690 1188 1440 1618 1709 1711 1678 1635 1560 1566 1602 1653 1810 1941 2106 2277 2410 2531 2636 2556 2486 2299 2072 1774 1501 1240 1069 935 853 780 737 710 691 688 690 701 670 673 662 654 646
36 36 36 36 36 38 39 116 254 453 971 1184 1486 1655 1688 1712 1666 1583 1467 1446 1575 1665 1801 1959 2143 2346 2543 2716 2794 2650 2611 2525 2250 2012 1749 1391 1119 990 838 772 728 698 687 697 694 725 670 674 657 645 648
36 36 36 36 36 44 53 132 270 764 991 1261 1565 1769 1777 1743 1704 1601 1401 1362 1444 1648 1785 1993 2207 2406 2538 2820 2779 2795 2696 2628 2358 2171 1872 1560 1172 966 795 745 710 692 699 691 696 722 664 679 650 639 644
36 36 36 36 36 58 77 158 312 853 1094 1419 1766 1958 1930 1880 1812 1665 1437 1253 1349 1642 1836 2084 2309 2463 2527 2772 2870 3049 2933 2708 2530 2277 1918 1579 1179 912 757 707 684 672 676 678 694 751 652 667 644 637 634
36 36 36 36 36 71 105 165 340 939 1154 1615 2007 2116 2031 1988 1900 1710 1424 1226 1263 1659 1923 2174 2413 2539 2555 2643 3084 3309 3215 3076 2647 2251 1885 1610 1186 775 738 684 658 653 665 685 708 692 625 659 642 638 637
36 36 36 36 36 85 139 207 296 986 1213 1843 2202 2149 2044 2000 1864 1600 1311 1269 1468 1753 1976 2223 2507 2639 2674 2986 3459 3740 3467 3065 2563 2036 1801 1686 1142 706 604 548 647 645 662 631 658 655 644 665 651 655 645
36 36 36 36 36 98 176 253 338 906 1361 2051 2246 1993 1868 1908 1747 1380 1229 1270 1531 1799 1994 2286 2631 2744 2769 3383 3833 3921 3545 2824 2104 1597 1505 1601 1005 653 603 534 550 653 664 662 636 620 657 667 671 656 670
36 36 36 36 36 127 225 305 406 967 1728 2477 2268 1928 1490 1565 1477 1217 1115 1238 1452 1729 2025 2370 2757 2829 2918 3802 4158 3768 3096 2216 1585 1311 1259 1169 810 636 563 533 529 587 665 672 578 632 665 647 666 671 689
36 36 36 37 59 170 284 367 634 1286 2353 2735 2196 1658 1404 1424 1384 1350 1139 1216 1377 1705 2170 2523 2867 3037 3428 4283 3848 3074 2367 1843 1433 1121 1026 905 728 662 600 557 538 610 668 678 675 657 661 670 677 686 698
36 36 37 37 102 227 357 582 944 1553 2487 2535 1951 1507 1504 1521 1487 1297 1124 1234 1441 1774 2229 2548 2737 3262 3929 4008 3167 2395 1799 1486 1183 943 861 766 711 679 634 570 550 590 647 679 668 646 648 675 687 697 701
36 37 44 49 161 301 450 849 1243 1707 2355 2306 1938 1598 1540 1502 1522 1388 1206 1281 1551 1894 2122 2362 2623 3560 4001 3490 2743 2002 1650 1270 991 880 846 716 718 686 805 578 554 571 624 681 660 660 666 685 693 701 707
36 37 59 86 235 389 553 1116 1569 1991 2400 2372 2014 1701 1547 1419 1474 1366 1291 1329 1590 1921 2160 2373 2961 3644 3607 3034 2508 2080 1663 1200 923 971 1073 697 616 689 677 599 581 671 602 630 650 668 674 686 690 693 678
36 37 81 145 324 492 674 1283 1832 2238 2489 2361 1967 1736 1494 1420 1569 1571 1391 1297 1519 1862 2279 2622 3177 3334 3332 2904 2760 2552 1972 1306 1200 1251 1107 826 657 670 643 596 585 595 614 605 659 665 679 681 678 667 657
36 37 101 195 405 586 794 1421 1913 2302 2384 2203 1965 1777 1423 1571 1879 1870 1477 1220 1395 1765 2107 2447 2885 3276 3228 3129 3400 3238 2376 1666 1605 1574 1289 922 712 661 632 619 574 574 629 630 637 661 669 664 659 651 639
36 37 118 240 478 672 929 1637 2235 2476 2321 2074 1840 1648 1391 1718 2035 1948 1422 1129 1341 1742 1943 2368 3897 3348 3262 3539 3750 3236 2626 2615 2734 2452 1558 1012 713 637 606 578 565 591 645 609 624 645 655 645 647 642 632
37 37 132 277 542 747 1056 1793 2628 2677 2387 1965 1676 1389 1441 1848 2070 1815 1259 1064 1322 1659 2041 2608 3842 3363 3438 3868 3708 2949 2843 3410 3568 3050 1734 1009 705 645 621 574 566 607 656 595 622 636 642 630 636 634 629
37 37 143 305 592 810 1179 2109 2816 2781 2410 1989 1581 1432 1652 1971 2008 1533 1073 1042 1349 1633 2012 2566 3636 3444 3796 3912 3414 3170 3552 4017 3967 3075 1598 923 712 659 645 592 572 607 619 616 625 632 632 629 640 639 633
37 37 151 325 629 862 1352 2209 2924 2822 2359 1960 1547 1529 1830 2109 1949 1219 1011 1101 1490 1665 2042 2659 3556 3716 3632 3782 3822 4208 4490 4391 3806 2166 1269 864 742 696 673 614 583 614 616 603 622 632 648 643 657 653 645
37 37 154 333 651 897 1274 2192 3016 2907 2462 2089 1715 1738 1968 2056 1615 1029 895 1255 1613 1742 2099 2688 3525 4075 3803 4152 4872 5363 5172 4242 2834 1699 1179 858 754 691 658 638 593 576 580 629 645 635 645 662 701 691 675
37 37 158 343 675 932 1265 2130 3018 3162 2864 2448 2148 2124 2242 1872 1410 949 854 1292 1676 1795 2057 2581 3404 4119 4271 4691 5420 5686 4836 3421 2411 1785 1389 1002 792 700 713 649 570 568 574 626 633 631 650 690 725 721 685
37 37 162 351 698 971 1287 2113 3036 3254 2920 2680 2497 2506 2391 1772 1177 881 962 1298 1694 1797 1924 2529 3589 4256 4330 4768 5493 5378 4194 3215 2681 1905 1303 992 819 751 699 656 574 581 568 624 639 654 658 704 737 736 703
37 37 167 363 727 1019 1399 2344 3357 3342 2911 2979 3047 2943 2408 1723 1167 938 959 1299 1471 1697 1940 2699 3877 4353 4106 4375 4972 4626 3745 3347 3039 2055 1356 920 784 722 674 648 624 549 591 649 643 659 668 704 736 744 710
36 37 170 371 750 1070 1655 2786 3808 3669 3447 3956 3926 3377 2359 1795 1271 925 970 1270 1607 1813 2138 2788 3529 4152 3721 3902 4147 3504 3152 3293 3104 1955 1207 850 747 638 649 642 632 577 608 643 672 667 681 708 737 742 723
36 37 172 379 772 1115 1866 3597 4113 4029 4297 4920 4299 3110 2220 1823 1307 859 1017 1274 1684 1967 2224 2561 3143 3520 3565 3466 3392 2932 2677 2859 2430 1651 1021 818 771 723 596 637 619 575 581 627 671 679 692 712 734 746 738
36 37 175 387 792 1143 1941 3201 4024 4067 4521 4815 4112 2837 2038 1634 1122 780 1053 1392 1783 1969 2157 2512 3099 3669 3749 3434 3256 2905 2666 2647 1987 1327 914 735 650 619 589 633 577 580 598 649 677 678 693 718 735 751 755
36 37 186 410 831 1186 1861 2934 3473 3468 3579 3715 3190 2497 1909 1360 889 788 1000 1256 1592 1904 2282 2690 3222 3891 3971 3604 3227 2982 2587 2260 1654 1236 856 750 644 627 588 616 553 587 583 625 667 690 703 722 740 756 774
36 40 204 448 884 1251 1974 3029 3569 3328 2899 2629 2279 2193 2097 1235 711 806 991 1309 1628 1804 2247 2709 3201 3864 3966 3406 2767 2385 2043 1838 1379 1193 911 736 658 606 583 591 546 565 574 630 668 698 709 725 741 763 792
37 47 226 494 947 1342 2149 3263 3848 3981 3704 3010 2479 2523 2349 1391 792 834 1334 1851 1842 1899 2265 2739 3267 3799 3807 3092 2302 1957 2160 2112 1426 1021 803 778 658 602 639 660 532 547 562 619 661 695 711 722 742 771 812
37 68 268 567 1036 1514 2664 3315 4013 4464 4542 3821 2948 3103 2784 1590 728 776 1541 2180 2232 1898 2109 2779 3527 3804 3302 2642 2051 2036 2551 2434 1651 1166 779 700 642 610 614 608 519 551 567 603 652 684 707 725 742 777 828
36 96 321 655 1136 1609 2473 3266 4167 4702 4748 3985 3224 3565 2929 1522 726 1005 1718 2116 2149 1959 2132 2765 3714 3725 2898 2477 2173 2168 2575 2518 1831 1158 764 659 610 582 548 531 510 542 545 584 602 664 696 719 739 773 862
36 137 390 766 1340 1807 2835 3596 4080 4257 4149 3402 3341 3641 2540 1209 643 1279 1939 2256 2258 2183 2235 2827 3696 3543 2891 2983 2656 2246 2295 2289 1629 1059 727 614 657 556 527 512 501 529 529 573 595 637 662 702 719 768 870
36 162 430 828 1335 1862 2917 3729 3923 3657 3003 2811 3190 3200 1970 918 711 1403 2118 2544 2458 2326 2319 2715 3187 3109 3058 3537 3088 2465 1934 1810 1477 1021 679 572 567 535 517 501 489 519 532 551 589 618 641 684 718 777 879
36 162 430 828 1416 1860 2708 3460 3665 2882 1855 1948 2818 2841 1642 870 794 1495 2250 2783 2579 2322 2204 2407 2612 2742 3192 3638 3293 2641 1945 1487 1211 963 679 559 550 495 493 494 501 516 536 539 567 602 605 664 706 773 889
36 162 430 823 1260 1822 2614 3311 3210 2524 2029 2063 2725 2555 1476 605 802 1566 2287 2893 2568 2243 1929 2115 2310 2677 3079 3392 3355 2965 2309 1668 1305 983 660 529 513 478 482 494 511 522 528 552 571 592 583 650 693 770 905
36 156 395 752 1146 1687 2400 2952 2586 2173 1841 2037 2646 2343 1295 487 773 1626 2288 2825 2354 2025 1687 1905 2248 2634 2728 3008 3089 2841 2307 1758 1336 1005 663 503 492 471 487 506 522 524 521 543 570 567 568 637 686 773 936
36 130 334 641 982 1420 2063 2456 1956 1795 1428 1756 2299 1967 1001 435 652 1621 2434 2718 2227 1642 1541 1921 2298 2468 2722 2703 2780 2486 1914 1525 1249 959 649 485 533 488 502 511 518 519 515 536 565 550 557 630 704 803 964
36 90 246 483 762 992 1496 1868 1728 1549 1360 1351 1576 1318 613 410 744 1751 2509 2559 2164 1386 1464 1945 2312 2438 2757 2369 2245 2343 1775 1343 1188 820 596 482 591 519 503 500 503 509 506 529 563 557 558 651 692 798 979
36 62 177 352 569 741 1193 1416 1244 1136 1100 1114 1046 703 378 357 946 1741 2473 2338 1977 1335 1264 1718 2143 2743 2955 2482 2186 1946 1530 1209 1032 747 507 475 591 521 489 484 488 499 515 537 542 542 595 661 732 815 1041
36 43 121 240 399 513 699 956 879 816 833 736 650 449 224 387 968 1809 2450 2278 1687 1135 938 1463 2198 2889 2979 2651 2072 1645 1196 1016 955 651 472 439 460 487 475 473 482 491 500 540 547 543 611 671 728 833 1081
36 38 86 160 265 333 421 642 647 447 544 557 522 357 336 398 920 1620 2202 2039 1289 845 805 1269 2259 3058 3079 2660 1979 1471 1208 1099 847 586 466 453 436 458 466 467 458 486 486 513 520 597 619 681 724 854 1086
36 36 59 97 160 204 264 341 333 204 177 339 413 363 362 452 749 1395 1711 1345 856 645 644 1016 1900 2757 2873 2564 1941 1361 1202 1028 769 520 449 460 425 441 462 455 461 468 482 523 580 476 621 669 729 863 1142
49 36 42 57 88 116 151 172 149 86 55 88 338 338 364 511 707 1133 1106 844 711 596 555 812 1460 2229 2441 2332 1795 922 1076 848 634 462 415 439 441 443 428 452 464 461 427 442 472 541 598 667 731 868 1146
43 36 36 42 54 70 89 84 67 51 36 36 51 307 393 555 647 890 840 763 727 570 535 841 1340 1819 2015 2014 1808 1369 1105 927 714 458 411 424 434 410 425 436 417 410 412 414 422 562 597 664 723 859 1097
122 36 36 36 36 40 52 50 44 39 36 36 36 284 395 507 574 747 843 852 703 524 390 809 1398 1593 1661 1641 1829 1657 1403 1143 879 528 419 411 427 407 453 399 407 399 423 418 421 567 581 646 700 833 1072
126 49 36 45 36 36 36 38 37 36 36 36 36 54 364 437 579 754 807 1018 688 520 810 1509 1740 1671 1555 1605 1902 1919 1622 1349 1005 671 419 408 393 395 380 389 401 410 418 427 412 430 526 594 663 790 1036
128 97 61 53 36 36 38 43 43 41 36 36 36 62 340 304 550 957 1348 1195 740 620 1069 1769 2034 1979 1710 1672 1912 1992 1746 1442 1052 710 426 393 391 324 354 387 408 414 409 399 455 489 480 504 631 769 977
129 121 85 65 58 42 45 48 49 47 38 36 36 80 324 370 598 1192 1457 1234 747 720 1329 1968 2241 2068 1811 1821 2000 1934 1737 1354 981 740 452 389 379 355 325 367 395 400 410 483 526 521 551 498 652 724 935
131 123 96 102 110 58 54 50 43 36 36 36 36 102 481 563 810 1313 1407 1108 743 809 1533 2238 2323 2171 1936 1882 2001 1933 1761 1403 965 795 493 401 369 293 306 347 378 398 464 500 225 453 510 556 602 703 906
136 124 86 83 108 55 49 46 45 40 36 36 41 372 607 777 1170 1641 1537 1122 810 863 1626 2256 2291 2242 2114 2010 1880 1982 1834 1506 1056 857 551 425 383 346 298 307 356 382 470 493 409 480 482 536 359 693 890
138 124 85 65 69 51 61 66 65 55 272 283 231 516 776 1252 1798 2060 1720 1185 882 937 1663 2309 2448 2316 2287 2430 2295 2240 1957 1673 1269 946 654 458 381 353 285 363 336 424 464 476 475 498 476 537 599 694 874
138 124 82 61 58 54 81 94 97 373 461 529 573 699 1047 1718 2405 2402 1764 1162 920 1035 1745 2465 2764 2491 2452 2780 2850 2597 2232 1878 1474 1062 759 486 366 356 355 373 388 427 450 470 476 502 478 555 620 717 894
136 124 90 61 52 64 106 131 156 570 798 815 864 896 1218 1910 2813 2493 1749 1102 923 1132 1799 2609 3078 2719 2602 2787 3126 2886 2426 2050 1666 1256 886 519 367 355 318 387 403 420 436 458 483 499 485 585 666 758 919
135 124 98 62 48 81 136 173 241 771 1222 1231 1078 1059 1429 2142 2723 2264 1567 1016 944 1215 1903 2711 3138 2930 2706 2760 2989 2871 2558 2181 1786 1366 1037 564 378 356 363 388 391 412 425 448 485 511 498 612 718 859 964
135 124 103 65 48 100 168 219 602 1045 1536 1526 1267 1313 1669 2186 2529 1774 950 950 1012 1411 2116 2908 3389 3011 2696 2622 2802 2729 2494 2306 1860 1369 1024 559 372 357 382 340 337 385 399 422 477 479 547 649 768 916 1020
140 123 105 68 61 122 203 273 703 1260 1816 1806 1469 1549 1855 2046 2061 1277 548 428 965 1514 2267 3001 3334 2974 2712 2749 3033 2927 2797 2541 1984 1339 959 542 367 359 395 391 339 386 380 399 447 490 574 687 819 940 1080
139 123 107 81 80 140 226 316 785 1340 1972 1920 1577 1763 1983 1613 1182 670 297 259 474 1318 2266 2792 3141 2984 2819 3092 3340 3171 2975 2613 1976 1265 757 488 362 365 405 406 403 394 386 403 430 509 620 724 873 1035 1151
134 123 110 86 131 153 227 336 809 1340 1865 1818 1767 2039 2177 1488 784 447 386 329 466 1295 2218 2622 3037 3068 3004 3307 3436 3246 2937 2436 1849 1197 749 518 396 383 394 403 409 396 386 384 421 507 650 756 924 1097 1228
125 122 115 105 164 161 227 364 833 1415 1689 1778 1845 2168 2107 1283 692 460 435 407 548 1393 2196 2638 3076 3169 3096 3284 3346 3166 2830 2228 1565 1073 759 554 412 384 377 391 398 393 387 370 415 521 651 781 993 1156 1306
91 121 117 124 169 163 227 373 915 1427 1643 1815 1892 2100 1916 1143 685 501 543 390 622 1432 2130 2464 2886 3224 3155 3189 3194 3021 2686 2134 1407 1003 737 530 414 373 376 380 381 387 366 361 412 528 660 790 1020 1201 1344
81 119 112 123 166 152 203 516 921 1328 1537 1726 1821 1959 1755 1093 678 599 538 553 893 1439 1823 2254 2673 3110 3090 3093 3022 2844 2451 2151 1503 946 710 494 402 370 369 366 363 356 349 354 396 570 644 771 996 1225 1407
103 117 113 124 134 123 200 374 748 1134 1423 1587 1743 1782 1459 994 662 598 426 565 925 1358 1627 1969 2321 2782 2807 2837 2736 2576 2174 1899 1455 934 684 475 396 359 344 354 388 393 331 342 453 512 610 754 980 1215 1421
122 118 121 124 83 116 188 358 764 1085 1289 1481 1596 1599 1376 914 647 634 444 632 1032 1298 1433 1755 2250 2445 2503 2532 2497 2281 1914 1646 1308 960 631 421 360 336 330 343 391 402 366 369 388 449 580 738 967 1201 1406
83 112 122 124 66 94 148 298 513 943 1180 1370 1457 1446 1268 811 569 580 558 659 614 1128 1427 1701 1920 2083 2096 2163 2135 1960 1692 1418 1129 813 584 425 369 342 332 361 385 395 387 396 406 446 550 701 913 1141 1351
37 102 124 126 100 80 119 254 451 723 1080 1271 1344 1337 1040 827 738 647 657 631 839 1047 1251 1439 1577 1679 1506 1745 1757 1686 1506 1279 1017 764 569 439 396 368 350 377 377 384 381 386 385 428 520 656 831 1051 1259
36 83 123 126 124 128 148 221 401 651 993 1153 1095 1169 928 859 553 498 649 686 819 998 1147 1283 1361 1442 1484 1481 1523 1506 1379 1169 956 722 564 452 433 378 369 355 370 370 370 379 400 412 498 616 773 863 1163
36 51 120 126 123 105 171 215 364 686 925 1038 987 961 825 556 488 471 595 657 788 968 1097 1225 1306 1380 1408 1402 1412 1408 1273 1087 890 672 533 430 425 387 371 363 362 363 358 361 386 403 474 577 706 865 1062
