---
Height of Critical Updraft Strength (Hcrit) [ft] Valid 1000 PST ~Z75~(1800Z)~Z~ FRI 19 May 2017 ~Z75~[18hrFcst@1433z]~Z~
Model= RASP Region= PANOCHE Grid= d2 Reskm= 4.0 Indexs= 1 51 1 69 Proj= lambert 4000 4000 40.0000 40.0000 -73.0000 36.6487 -121.0445
Day= 2017 5 19 FRI ValidLST= 1000 PST ValidZ= 1800 Fcst= 18.0 Init= 12 Param= hwcrit Unit= ft Mult= 1 Min= 3 Max= 8527
3 3 3 3 5 34 77 175 318 508 1770 4353 4633 4874 5040 5089 5047 5118 5462 5417 5599 5414 5581 5609 5644 5635 5625 5498 5486 5316 5002 4696 4385 3991 3720 3545 3637 3513 3417 3244 3228 3205 3202 3105 2942 2552 2352 2076 2018 2054 2246
3 3 3 3 3 18 43 128 263 447 661 3559 4423 4816 4987 5068 5113 5157 5255 5163 5404 5374 5332 5181 5443 5515 5573 5567 5457 5252 4978 4692 4470 3975 3701 3524 3496 3541 3398 3234 3214 3176 3200 3080 2923 2635 2389 2029 2000 2036 2221
3 3 3 3 3 7 17 93 222 419 656 2753 4219 4702 4905 4988 5020 5033 4938 5079 5142 5154 5040 5132 5367 5499 5553 5566 5375 5225 5015 4763 4466 4067 3816 3591 3463 3376 3458 3244 3224 3173 3143 3056 2917 2718 2516 2168 2041 2055 2180
3 3 3 3 3 5 5 82 220 419 656 2880 4112 4606 4886 4939 4812 4717 4617 4845 4924 4845 5145 5264 5373 5469 5517 5535 5538 5296 5125 4888 4646 4282 4020 3733 3512 3341 3404 3326 3281 3220 3111 3033 2933 2866 2390 2272 2166 2126 2225
3 3 3 3 3 5 5 82 220 419 1906 3693 4364 4846 4849 4908 4871 4468 4172 4237 4679 4915 5166 5298 5376 5450 5579 5653 5713 5422 5261 5234 4779 4381 4016 3675 3386 3429 3402 3311 3235 3184 3076 3119 2941 3021 2371 2351 2239 2194 2318
3 3 3 3 3 11 20 99 236 842 3030 3907 4670 5020 4936 4816 4735 4546 4014 4028 4164 4695 5043 5250 5367 5484 5520 5985 5740 5518 5314 5414 4835 4368 3945 3599 3300 3419 3436 3329 3223 3216 3223 3121 3020 3061 2383 2447 2266 2248 2326
3 3 3 3 3 25 43 125 279 1172 3367 4209 4973 5170 5007 4733 4573 4317 3692 3682 4269 4730 5025 5241 5416 5618 5555 5783 5775 5817 5529 5318 4935 4428 3965 3594 3332 3441 3365 3290 3226 3181 3131 3114 2972 3208 2348 2337 2271 2258 2281
3 3 3 3 3 38 72 132 290 1939 3488 4367 5196 5195 4839 4778 4642 4226 3825 3551 4200 4751 5029 5327 5611 5827 5679 5480 5827 6143 5918 5930 5077 4402 3959 3627 3332 2933 3347 3286 3189 3164 3102 3143 3086 2630 2245 2302 2267 2266 2289
3 3 3 3 3 51 106 174 262 1026 3536 4574 5309 5097 4808 4752 4414 4131 3858 3904 4333 4824 5066 5461 5823 5959 5773 5705 6193 6789 6492 5910 4905 4273 3959 3615 3151 2696 2874 2801 3162 3111 3112 2455 2302 2228 2268 2276 2263 2325 2306
3 3 3 3 3 65 143 220 304 1225 3691 4845 5341 4665 4452 4491 4312 3861 3706 3882 4337 4780 5053 5563 5985 6053 5741 6101 6922 7032 6160 4944 4390 4049 3871 3375 2820 2499 2808 2629 2659 3034 3138 3031 2294 2150 2246 2252 2300 2263 2381
3 3 3 3 3 94 191 271 711 3059 4294 5329 5054 4132 3883 4008 3820 3112 3201 3648 4166 4592 4992 5590 6103 6153 6007 6433 7154 6466 5032 4129 3811 3769 3491 3011 2570 2425 2263 2512 2501 2579 2972 3110 2287 2236 2210 2218 2251 2276 2406
3 3 3 3 26 137 250 334 1041 3685 4931 5565 4542 3784 3665 3781 3709 3554 3439 3595 4006 4473 5059 5659 6211 6361 6429 6960 6764 5153 4204 3748 3358 3129 3004 2732 2417 2291 2197 2499 2423 2562 2899 3100 3047 2358 2105 2246 2270 2300 2434
3 3 3 3 68 194 324 979 2992 4130 5247 5274 4105 3713 3867 3900 3758 3238 3164 3427 3915 4475 5087 5630 5731 6375 6943 7069 5802 4482 3849 3394 3087 2909 2805 2514 2396 2246 2108 2206 2381 2444 2498 2911 2530 2225 2055 2263 2297 2335 2420
3 3 11 16 128 268 416 1196 3773 4512 5317 4996 4028 3860 4062 3814 3599 3254 3316 3528 3983 4513 5005 5398 5485 6256 7062 6802 5317 4314 3748 3156 2854 2807 2695 2488 2637 2365 2850 2158 2341 2334 2336 2804 2341 2248 2185 2323 2306 2337 2447
3 3 25 52 201 356 519 2321 4083 4855 5549 5110 4209 4049 4000 3637 3461 3208 3384 3585 3942 4374 4905 5342 5623 6274 6920 6508 5543 4450 3551 3054 2797 2944 2958 2443 2390 2473 2584 2561 2590 2884 2344 2166 2185 2190 2198 2269 2233 2252 2289
3 3 48 111 290 459 640 2962 4357 5193 5636 4854 4363 4117 3700 3529 3675 3662 3572 3638 3854 4229 4708 5193 5553 6218 6765 6506 6150 4787 3649 3115 3114 3127 2810 2574 2282 2456 2419 2540 2566 2375 2504 2054 2030 1951 2069 2086 2039 2057 2134
3 3 67 161 371 553 760 3159 4342 5156 5039 4605 4302 3850 3304 3641 4078 4099 3808 3542 3666 4076 4507 4877 5378 6235 6630 6707 6822 5622 3885 3401 3443 3361 2968 2809 2441 2402 2327 2690 2465 2205 2444 2196 1895 1832 1866 1915 1930 1939 1956
3 3 85 206 445 639 895 3371 4731 5173 4631 4374 4017 3717 3153 3749 4335 4235 3603 3374 3529 3941 4257 4635 5278 6207 6613 6933 7062 5905 4638 4451 4352 4066 3236 2762 2416 2304 2238 2440 2406 2355 2399 1916 1777 1730 1733 1794 1814 1821 1829
3 3 99 243 508 714 1022 3386 5216 5154 4629 4059 3755 3144 3157 3831 4337 3982 3303 3188 3458 3836 4138 4486 5206 6107 6608 7097 6962 6068 5559 5661 5510 4621 3214 2592 2303 2372 2322 2363 2376 2386 2374 1796 1683 1654 1651 1697 1722 1722 1709
3 3 110 271 558 776 2102 4335 5619 5137 4565 3967 3709 3109 3537 4015 4219 3391 2986 3054 3413 3743 4051 4424 5158 6097 6794 7154 6991 6727 6535 6782 6186 4256 2983 2361 2193 2306 2296 2328 2355 2355 2152 1827 1652 1613 1594 1616 1632 1621 1600
3 3 117 291 596 829 2747 4541 5987 5311 4123 3815 3480 3145 3702 4153 3980 2870 2814 3022 3411 3703 3991 4359 5088 6127 6628 7261 7536 7710 7565 6968 5167 3298 2599 2248 2158 2318 2261 2291 2323 2373 2100 1691 1616 1579 1622 1591 1585 1543 1494
3 3 121 300 618 863 1240 3956 6065 5533 4114 3855 3526 3484 3834 4109 3426 2444 2323 3019 3431 3727 3947 4367 5104 6200 6761 7545 8300 8527 7588 5665 4059 2801 2479 2182 2072 2035 2069 2278 2290 2103 1818 1772 1707 1575 1542 1492 1498 1415 1400
3 3 125 309 641 898 1232 3750 5905 6170 4949 3890 3783 3947 4101 3935 2990 2280 2199 2998 3466 3754 3958 4353 5212 6446 7249 7948 8429 7993 7063 4855 3580 2801 2639 2167 2066 2026 2262 2218 2044 1985 1743 1695 1641 1558 1504 1439 1432 1375 1256
3 3 128 318 665 937 1254 3490 5782 6380 5382 4394 4235 4278 4468 3666 2609 2368 2507 3015 3478 3750 3937 4341 5460 6743 7238 7674 7894 7621 6802 5022 3788 2923 2591 2184 2064 2173 2193 2176 1959 1995 1707 1716 1650 1639 1502 1464 1404 1309 1242
3 3 133 329 693 986 1366 3741 6016 6312 5660 5293 5140 4910 4507 3297 2504 2745 2468 3015 3087 3589 3849 4472 5755 6758 6841 7153 7342 7104 6655 5803 4404 3190 2726 2177 2059 2162 2146 2194 2153 1761 1805 1893 1665 1613 1513 1450 1413 1372 1272
3 3 136 337 716 1036 2983 5041 6866 6905 6554 6746 6403 5345 4218 3274 2489 2511 2438 2592 3240 3616 4016 4703 5558 6347 6660 7019 6848 6494 6183 5746 4452 3112 2615 2124 2181 2127 2167 2189 2232 1894 1861 1827 1880 1646 1546 1492 1460 1372 1307
3 3 139 346 739 1081 3362 5235 7340 7567 7397 7561 5821 4824 3992 3302 2439 2213 2479 2564 3352 3799 4190 4726 5233 5976 6702 6907 6531 6153 5534 4817 3633 3071 2422 2300 2608 2635 2181 2198 1995 1814 1740 1776 1842 1696 1599 1561 1506 1452 1435
3 3 141 353 759 1109 3424 5224 6971 7004 6873 6466 5636 4469 3513 2986 2197 2079 2552 2988 3535 3842 4243 4679 5357 6246 6872 6921 6585 5870 4817 4125 3161 2739 2298 2109 2202 2249 2203 2186 1794 1767 1825 1881 1945 1748 1640 1667 1597 1579 1572
3 3 152 377 797 1152 3186 5529 6705 6503 5860 5527 4949 3875 3117 2397 2126 2395 2150 2711 3437 3698 4134 4749 5526 6403 6918 6813 6260 5397 4221 3505 2761 2556 2241 2254 2067 2256 2169 2108 1613 1716 1660 1739 1836 1911 1776 1740 1703 1688 1702
3 6 171 414 851 1217 3544 5956 7039 6357 5433 5037 4156 3658 3099 2068 1897 2009 2200 2655 3334 3671 4122 4791 5589 6423 6852 6425 5198 4830 4002 3306 2485 2441 2206 2092 2025 1982 2105 2034 1573 1581 1599 1786 1887 1960 1882 1831 1790 1789 1830
3 14 193 460 914 1309 3751 6106 7407 7164 6456 5110 4498 4022 3417 2416 2143 2020 2478 3179 3533 3841 4226 4828 5682 6503 6768 6025 4839 4773 4325 3590 2536 2345 2140 2231 1995 1964 2212 2259 1550 1542 1560 1749 1854 1956 1944 1859 1885 1910 1966
3 34 234 533 1002 2727 4449 6480 7584 7688 7212 6276 5367 5335 3948 2714 1736 1748 2705 3694 4170 4186 4367 5032 6030 6624 6196 5310 4652 5103 5119 4024 2717 2312 2057 2030 1978 2050 2147 2077 1527 1582 1601 1709 1819 1936 1987 1968 1969 2011 2090
3 63 287 622 1102 2972 4862 6498 7285 7113 6862 6349 6011 5952 3780 2577 1694 1860 2945 3821 4310 4378 4535 5212 6268 6449 5869 5351 4866 5054 5125 4310 3132 2274 1999 1952 1908 1980 1936 1785 1483 1567 1529 1665 1676 1905 2010 2021 2048 2075 2294
3 104 356 732 2343 3809 5443 6674 6966 6417 5976 5317 5763 5688 3150 2257 1606 2118 3245 4010 4326 4629 4733 5331 6087 6022 5866 6050 5339 4551 4341 3982 2983 2251 1934 1940 2104 1917 1872 1686 1453 1543 1499 1640 1712 1880 2009 2075 2104 2216 2439
3 129 396 794 2130 3709 5420 6535 6648 5811 4587 4496 5315 5000 2602 1726 1611 2258 3393 4348 4829 5006 4963 5335 5398 5486 5794 6335 5811 4257 3363 3049 2656 2102 1844 1757 1877 1859 1816 1626 1412 1518 1537 1566 1712 1861 2012 2124 2245 2367 2550
3 129 396 794 2397 3730 5243 6223 6230 4536 3962 4064 4969 4372 2408 1956 1562 2276 3412 4788 5389 5052 4867 4893 4871 5154 5600 6046 6051 4560 3258 2744 2357 2163 1982 1860 1776 1596 1596 1591 1553 1511 1541 1542 1622 1833 1922 2135 2287 2421 2656
3 129 396 790 1226 3303 4855 5918 5687 4191 3734 3808 4732 3942 2147 1629 1562 2298 3452 4850 5272 4571 4266 4356 4556 4958 5378 5733 5878 5192 3842 3021 2566 2289 1932 1749 1570 1543 1543 1565 1575 1504 1483 1591 1665 1810 1880 2127 2294 2470 2805
3 123 361 718 1113 2918 4389 5390 4669 3847 3277 3506 4414 3517 1890 1528 1594 2339 3434 4636 4643 3824 3608 3753 4249 4720 5002 5283 5343 4736 3768 3078 2639 2234 1864 1655 1510 1494 1516 1551 1579 1494 1468 1533 1672 1724 1837 2108 2293 2492 2956
3 97 301 607 949 2182 3785 4485 3799 2991 2534 2893 3712 2869 1550 1158 1456 2316 3609 4640 3948 3268 3230 3531 4056 4506 4933 5017 4785 3980 3067 2700 2461 2088 1743 1578 1557 1473 1497 1535 1569 1494 1463 1519 1661 1685 1799 2087 2375 2594 2974
3 57 213 450 729 958 2552 3208 3161 2769 2276 2212 2418 1906 1411 1053 1486 2435 4028 4479 3742 2850 2953 3361 3889 4357 4916 4744 4233 3534 2631 2313 2368 1879 1645 1520 1525 1453 1491 1518 1551 1486 1459 1501 1662 1745 1819 2176 2276 2492 2893
3 29 144 319 536 707 1639 2463 2233 2044 1736 1605 1394 1182 748 976 1591 2753 3913 4131 3339 2527 2601 2948 3402 4258 5015 4640 3776 3126 2452 2111 2091 1697 1505 1509 1585 1429 1464 1505 1536 1484 1516 1564 1579 1672 1995 2187 2417 2488 2975
3 10 88 207 366 480 666 1236 1399 894 1294 1028 974 1099 626 959 1537 2812 3899 3825 2824 2187 2187 2691 3307 4390 5242 4635 3320 3056 2407 2105 1983 1618 1458 1387 1388 1391 1448 1495 1540 1476 1464 1577 1656 1690 2027 2197 2350 2487 2973
3 5 53 127 232 300 388 617 510 415 403 564 683 711 984 983 1378 2423 3310 3254 2226 1760 1926 2399 3227 4298 5166 4535 3159 2918 2633 2337 1907 1626 1507 1550 1386 1402 1440 1505 1390 1476 1451 1514 1544 1885 2071 2225 2299 2506 2833
3 3 26 64 127 171 231 308 300 171 145 200 139 616 787 841 1152 1947 2764 2206 1705 1454 1631 2115 2701 3685 4288 4325 3063 2406 2559 2220 1762 1519 1451 1533 1375 1391 1444 1407 1421 1407 1458 1582 1853 1729 2103 2152 2299 2513 2939
3 3 9 24 56 83 118 139 117 54 22 55 151 309 359 771 1072 1955 2062 1748 1660 1585 1487 1761 2255 2976 3496 3727 2894 889 2120 1955 1616 1434 1406 1443 1465 1518 1294 1369 1461 1433 1277 1337 1486 1743 2013 2138 2288 2511 2946
3 3 3 9 21 37 56 52 35 18 3 3 18 26 366 772 1078 1727 1806 1725 1682 1470 1133 1391 2042 2679 3107 3245 2975 2338 2149 1860 1591 1329 1365 1426 1465 1381 1297 1313 1182 1187 1224 1277 1385 1737 2005 2115 2254 2480 2851
3 3 3 3 3 8 19 18 11 6 3 3 3 16 119 661 1085 1300 1442 1672 1624 1300 357 776 1974 2603 2868 3020 3086 2773 2430 2059 1696 1361 1449 1408 1491 1335 1480 1106 1101 1117 1205 1260 1328 1751 1992 2087 2207 2434 2820
3 3 3 3 3 3 3 3 3 3 3 3 3 22 103 368 1083 1280 774 1471 1592 1232 1418 1981 2526 2786 2838 2931 3221 3276 2769 2292 1842 1495 1343 1428 1270 1314 1047 1017 1033 1113 1166 1257 1289 1456 1854 1958 2153 2374 2774
3 3 3 3 3 3 3 3 3 3 3 3 3 29 85 547 1000 1543 1921 1965 1429 1295 1757 2450 2856 3114 3024 3014 3279 3443 2935 2380 1907 1551 1330 1322 1261 924 915 984 1052 1095 1133 1201 1349 1537 1709 1697 2114 2354 2706
3 3 3 3 3 3 3 3 3 3 3 3 3 47 127 635 1090 1696 2297 2153 1420 1380 2042 2680 3191 3444 3257 3251 3441 3348 2862 2190 1691 1598 1439 1297 1177 1065 883 908 1005 1041 1120 1370 1551 1641 1889 1687 2166 2286 2644
3 3 3 3 3 4 6 7 6 3 3 3 3 69 216 1093 1404 1865 2279 2020 1420 1592 2070 2989 3505 3841 3587 3460 3456 3250 2785 2192 1682 1717 1443 1295 1125 840 813 860 958 1032 1256 1377 192 1427 1782 1894 2043 2231 2578
3 3 3 3 3 4 12 13 12 7 3 3 8 103 793 1347 1756 2261 2576 1993 1497 1568 2138 3186 3613 3944 3960 3604 3369 3232 2834 2274 1779 1701 1400 1303 1227 1010 785 799 889 975 1257 1406 1245 1424 1694 1825 326 2175 2495
3 3 3 3 3 10 28 33 32 22 249 334 287 678 1234 1839 2408 3040 2772 1942 1587 1637 2185 2999 3758 4121 4279 4046 3687 3411 2962 2525 2041 1823 1484 1465 1282 1028 738 1001 844 1158 1309 1409 1345 1437 1633 1783 1949 2126 2418
3 3 3 3 3 20 49 61 65 89 701 938 963 1127 1558 2311 3453 3836 2769 1908 1615 1720 2272 3047 4197 4651 4681 4863 4642 3928 3233 2766 2309 1858 1637 1521 1140 1071 996 1068 1092 1215 1318 1458 1381 1479 1592 1749 1926 2099 2371
3 3 3 3 3 31 73 98 123 573 1090 1110 1324 1427 1783 2597 4113 4035 2561 1834 1688 1902 2324 3139 4961 5377 5188 5510 5740 4589 3597 3046 2623 2123 1838 1457 1101 1067 783 1131 1162 1234 1309 1442 1471 1503 1568 1749 1923 2073 2341
3 3 3 3 3 48 103 140 208 852 1580 1776 1733 1817 2076 3021 4189 3455 2229 1734 1723 1907 2407 3333 5365 5872 5477 5539 5827 5025 3983 3294 2791 2336 2016 1421 1142 1082 1053 1169 1136 1251 1304 1417 1487 1555 1565 1741 1910 2149 2336
3 3 3 3 5 67 135 186 630 1278 2246 2448 2100 2156 2526 3383 3985 2618 1912 1999 1713 2031 2617 3795 5738 5992 5605 5640 5756 5227 4166 3445 2817 2339 1977 1411 1102 1094 1090 1084 1111 1187 1248 1331 1442 1486 1600 1744 1913 2165 2359
6 3 3 3 13 90 170 240 747 1486 2879 3193 2599 2651 2986 3337 2979 2046 1248 1238 1644 2036 2763 4192 5653 6039 5891 6144 6193 5717 4862 3756 2853 2268 1919 1504 1112 1110 1122 1117 1063 1208 1211 1280 1377 1509 1582 1750 1930 2126 2395
8 3 3 3 23 107 193 283 826 1613 3280 3733 2887 2959 3466 2829 1941 1252 815 858 1139 1731 2709 4152 5530 6095 6167 6511 6437 5773 4845 3827 2931 2332 1736 1505 1124 1134 1179 1159 1123 1210 1235 1287 1320 1487 1596 1758 1959 2218 2443
8 3 3 3 33 120 194 303 864 1736 3046 3562 3336 3557 3734 2223 1422 949 810 813 1021 1641 2669 4124 5476 6092 6031 6209 6107 5251 4054 3383 2998 2390 1892 1582 1176 1179 1174 1203 1152 1198 1212 1207 1274 1392 1590 1765 1988 2262 2502
6 3 3 3 45 126 194 331 892 1681 2820 3408 3559 4055 3426 1914 1288 937 810 821 1046 1683 2803 4118 5292 5866 5709 5814 5704 4985 3906 3128 2809 2397 1960 1647 1202 1170 1116 1197 1140 1169 1189 1171 1221 1384 1546 1765 2074 2318 2571
5 3 3 3 49 126 194 340 969 1716 2716 3280 3471 3717 3108 1810 1275 946 1199 796 1085 1762 2821 3820 4774 5449 5333 5360 5124 4576 3750 3087 2677 2299 1825 1381 1149 1101 1100 1142 1113 1140 1109 1129 1189 1350 1537 1764 2102 2373 2551
4 3 3 3 47 114 170 355 970 1612 2443 2916 3170 3317 2568 1801 1299 1427 1269 1306 1413 1855 2606 3480 4250 4729 4666 4669 4577 4197 3507 3123 2622 2061 1647 1208 1068 1057 1025 1051 1047 1033 1060 1090 1163 1421 1497 1749 2061 2429 2731
4 3 3 3 36 90 167 341 598 1436 2067 2582 2939 2906 2349 1711 1261 1332 393 1267 1684 1918 2526 3172 3712 4046 4045 4077 4069 3936 3219 2881 2439 1984 1510 1136 1030 969 909 970 1167 1174 987 1019 1271 1323 1480 1748 2079 2461 2793
3 3 3 3 26 83 155 325 561 1124 1531 2040 2418 2448 2006 1576 1200 1245 411 1177 1624 1817 2273 2782 3227 3528 3619 3651 3747 3406 2776 2667 2167 1794 1400 945 885 836 859 893 1179 1220 1106 1097 1131 1242 1381 1716 2078 2467 2813
3 3 3 3 16 61 115 265 480 771 1265 1802 1980 2049 1686 1099 535 837 808 989 1047 1566 2019 2475 2901 3152 3206 3274 3319 3051 2678 2315 1901 1388 1119 946 874 820 832 973 1027 1076 1099 1144 1114 1212 1381 1664 2024 2412 2778
3 3 3 3 6 43 86 221 418 689 1219 1841 1888 1842 1291 687 472 381 380 591 1160 1413 1752 2147 2605 2864 2860 3082 2988 2752 2354 1923 1449 1185 990 853 788 778 764 971 963 999 1015 1041 1011 1149 1321 1575 1904 2310 2675
3 3 3 3 3 31 66 188 368 618 1142 1750 1743 1686 895 601 413 362 362 763 1031 1340 1697 1966 2398 2590 2772 2822 2727 2521 2110 1675 1395 1148 978 856 780 693 754 800 903 924 918 966 1040 1072 1251 1488 1820 2138 2544
3 3 3 3 3 25 56 167 331 561 1153 1478 1416 1092 791 523 359 337 335 362 996 1331 1634 1956 2477 2624 2684 2613 2614 2378 1928 1540 1296 1024 963 746 702 685 706 803 838 864 812 846 977 1024 1176 1395 1678 1991 2394
