---
Height of Critical Updraft Strength (Hcrit) [ft] Valid 1600 PST ~Z75~(0000Z)~Z~ FRI 19 May 2017 ~Z75~[24hrFcst@1443z]~Z~
Model= RASP Region= PANOCHE Grid= d2 Reskm= 4.0 Indexs= 1 51 1 69 Proj= lambert 4000 4000 40.0000 40.0000 -73.0000 36.6487 -121.0445
Day= 2017 5 19 FRI ValidLST= 1600 PST ValidZ= 000 Fcst= 24.0 Init= 12 Param= hwcrit Unit= ft Mult= 1 Min= 3 Max= 9208
3 3 3 3 5 34 77 175 318 508 1160 2379 2587 2796 3039 3125 3125 3253 3658 3798 4203 4343 4833 5157 5584 6288 7140 7646 7980 8003 7917 7891 7774 7566 7361 7220 7242 7123 7072 6966 6922 6851 6642 6463 6279 5923 5752 5319 5151 5156 5337
3 3 3 3 3 18 43 128 263 447 661 2025 2500 2697 2913 3068 3127 3231 3457 3612 4029 4310 4602 4758 5374 6092 7160 7948 8018 8059 8007 7909 7827 7525 7307 7149 7005 7052 6976 6890 6859 6691 6568 6396 6182 5930 5734 5172 5102 5100 5275
3 3 3 3 3 7 17 93 222 419 656 1751 2469 2668 2809 2992 3070 3143 3225 3613 3938 4195 4334 4637 5311 6160 7500 8019 8081 8094 7999 7845 7611 7426 7167 7044 6789 6769 6925 6772 6696 6557 6435 6329 6069 5909 5687 5267 5035 5028 5079
3 3 3 3 3 5 5 82 220 419 656 1876 2501 2662 2758 2870 2937 2990 3157 3541 3877 3937 4434 4823 5390 6426 7732 8125 8273 8201 8041 7805 7557 7314 7023 6862 6719 6639 6729 6657 6612 6510 6371 6161 5971 5881 5102 5040 4962 4963 5021
3 3 3 3 3 5 5 82 220 419 1293 2534 2796 2728 2735 2801 2898 2921 3113 3382 3901 4048 4282 4652 5200 6685 8083 8360 8473 8655 8421 7957 7549 7203 6886 6682 6522 6592 6600 6523 6522 6474 6384 6160 5909 5871 5205 4979 4906 4910 5092
3 3 3 3 3 11 20 99 236 449 2113 2608 2733 2801 2732 2758 2892 3098 3294 3621 3751 4041 4238 4571 5226 7509 8117 8421 8400 8477 8216 7914 7366 7060 6730 6646 6438 6395 6489 6449 6411 6408 6387 6036 5738 5597 5120 5063 4850 4861 5039
3 3 3 3 3 25 43 125 279 525 2390 2730 2816 2766 2707 2807 2990 3244 3364 3620 4048 4212 4391 4699 5978 7999 8180 8340 8446 8619 8183 7645 7355 7042 6843 6630 6371 6224 6284 6262 6126 6191 6322 5984 5650 5562 4821 4826 4806 4826 4872
3 3 3 3 3 38 72 132 290 899 2399 2696 2828 2752 2751 2903 3200 3374 3673 3781 4218 4443 4562 5018 7040 8166 8317 8266 8548 8796 8111 7832 7300 6997 6796 6586 6247 5888 6153 6190 6003 5946 6032 5894 5576 4991 4838 4802 4775 4779 4821
3 3 3 3 3 51 106 174 262 521 2275 2700 2772 2638 2742 3081 3333 3522 3679 3963 4329 4611 4742 6413 8089 8259 8352 8435 8891 8907 8108 7487 7058 6854 6714 6445 6049 5749 5867 5894 5966 5917 5925 5230 4915 4797 4971 4780 4716 4851 4736
3 3 3 3 3 65 143 220 304 502 2273 2690 2643 2408 2742 3192 3342 3368 3524 3803 4149 4429 6136 7907 8206 8298 8357 8559 9060 8423 7774 7090 6794 6625 6462 5973 5666 5508 5638 5802 5579 5715 5664 5644 4847 4745 4920 4714 4788 4621 4771
3 3 3 3 3 94 191 271 360 1784 2517 2947 2519 2290 3050 3233 3171 2961 3174 3443 3610 4374 7584 7994 8293 8418 8422 8756 9010 8042 7316 6993 6644 6249 6147 5742 5537 5540 5330 5545 5404 5338 5482 5488 4811 4871 4856 5071 4555 4542 4683
3 3 3 3 26 137 250 334 470 2117 2864 2963 2432 2871 3413 3416 3295 3179 3254 3439 3797 6119 7813 8116 8346 8446 8574 8957 8340 7580 7161 6855 6294 6046 5775 5611 5478 5400 5342 5444 5326 5358 5289 5355 5269 4793 4576 4499 4479 4456 4584
3 3 3 3 68 194 324 437 1925 2546 3004 2776 2370 3276 3637 3548 3454 3158 3445 3809 5121 7613 7892 8039 7910 8228 8631 8814 7823 7311 7011 6519 6286 6254 5809 5504 5513 5355 5297 5213 5246 5162 4974 5187 4731 4519 4464 4397 4347 4314 4296
3 3 11 16 128 268 416 885 2354 2692 2978 2769 2573 3362 3525 3505 3279 3062 3580 5290 7422 7638 7743 7868 7761 8224 8677 8473 7595 7215 6904 6395 6120 6128 5699 5415 5518 5414 5637 5137 5223 5200 5009 5103 4683 4586 4524 4418 4233 4199 4243
3 3 25 52 201 356 519 1717 2574 2920 3142 3081 3246 3536 3497 3472 3344 3090 4558 7131 7282 7473 7699 7859 7946 8261 8555 8077 7595 7085 6830 6450 5982 6025 5911 5435 5324 5403 5281 5411 5394 5488 5006 4584 4582 4507 4363 4269 4075 3977 3881
3 3 48 111 290 459 640 1908 2756 3074 3338 3564 3659 3633 3584 3794 3868 5234 6977 6957 7091 7389 7637 7802 7895 8283 8486 8300 7835 7354 6895 6489 6355 6104 5772 5627 5334 5360 5269 5350 5312 5079 5131 4708 4507 4216 4211 4137 3884 3786 3808
3 3 67 161 371 553 760 2082 2714 2988 3119 3630 3515 3388 3188 3902 6374 7005 6768 6748 6965 7265 7464 7637 7878 8349 8435 8675 8291 7847 6959 6605 6624 6220 5912 5724 5425 5294 5220 5415 5190 4971 4991 4590 4247 4127 3998 3910 3786 3686 3544
3 3 85 206 445 639 895 2287 2919 3152 3231 3644 3430 3287 2866 5270 7048 6621 6413 6596 6826 7057 7272 7448 7879 8298 8317 8632 8665 7812 7279 7217 7026 6647 5751 5568 5344 5251 5215 5298 5119 5032 4911 4358 4207 4069 3971 3894 3742 3629 3449
3 3 99 243 508 714 1022 2662 3289 3322 3848 3920 3799 3327 4259 6822 6410 6247 6171 6359 6471 6785 7054 6916 7517 7997 8122 8649 8275 7622 7484 7542 7337 6651 5574 5449 5318 5379 5344 5313 5090 4993 4839 4382 4258 4096 3968 3912 3733 3595 3396
3 3 110 271 558 776 1832 3038 3418 3357 3748 3721 4154 6138 6554 6354 6041 5499 5663 6106 6395 6722 7021 6928 7573 7960 8241 8528 8064 7845 7733 7527 7092 6400 5726 5361 5335 5399 5326 5285 5103 5016 4670 4589 4307 4227 4010 3910 3741 3561 3336
3 3 117 291 596 829 1769 2918 3525 3269 3123 3536 6187 6002 6021 5838 5394 4861 5572 5901 6187 6538 6902 7027 7543 7995 8077 8748 8360 8646 7895 7438 6954 6178 5591 5352 5349 5429 5292 5226 5133 5045 4711 4480 4369 4288 4240 4040 3892 3643 3408
3 3 121 300 618 863 1240 2760 3533 3203 3118 5704 6166 5851 5647 5239 4408 3857 4935 5425 5766 6093 6445 6954 7566 8125 8300 8798 9208 8516 8066 7238 6795 6098 5619 5346 5310 5280 5123 5154 5117 4874 4502 4664 4590 4311 4208 3942 3880 3640 3670
3 3 125 309 641 898 1232 2703 3454 3456 4729 6313 5653 5516 5016 4358 3362 2955 3806 4677 5130 5638 5940 6342 7324 8166 8325 8448 8538 8301 7797 7192 6666 6110 5888 5244 5169 5245 5351 5140 4897 4868 4513 4503 4483 4331 4232 3951 3867 4159 3212
3 3 128 318 665 937 1254 2604 3423 3786 6267 6255 5506 4900 4561 3654 2573 2404 3168 3844 4478 5059 5438 5960 7273 8000 8142 8469 8356 8029 7400 7112 6752 6134 5680 5156 5080 5355 5351 5161 4885 4846 4529 4552 4522 4504 4262 4074 3856 3615 3301
3 3 133 329 693 986 1366 2913 3856 5732 6425 6295 5391 4605 4138 3224 2221 2316 2488 3135 3638 4574 5031 5839 7268 7791 8052 8026 7855 7627 7296 7022 6767 5959 5663 5155 5128 5351 5356 5168 5042 4644 4725 4703 4543 4385 4296 3970 3872 3978 3429
3 3 136 337 716 1036 2324 3645 4733 6651 6808 6627 5697 4705 3810 2888 2044 1947 2215 2532 3600 4460 5087 6031 7120 7711 8010 7751 7443 7190 6964 6942 6592 5896 5645 5198 5291 5343 5342 5142 5022 4806 4700 4520 4716 4415 4335 4056 3984 3863 3616
3 3 139 346 739 1081 2437 3672 4999 7119 7055 6556 5608 4591 3566 2661 1990 1770 2087 2516 3687 4857 5551 6399 7261 7754 8135 7696 7211 6990 6806 6671 6221 5917 5363 5236 5463 5552 5344 5118 4848 4710 4501 4507 4545 4439 4376 4158 3996 3986 3858
3 3 141 353 759 1109 2515 3602 5106 6781 6478 6104 5759 4892 3481 2369 1753 1658 2031 2772 3969 5429 6163 7176 7683 8224 7953 7618 7482 7259 6903 6524 6072 5704 5363 5250 5112 5240 5336 5106 4786 4636 4578 4596 4634 4459 4407 4413 4137 4136 4056
3 3 152 377 797 1152 2401 3614 5527 6498 5964 5565 5346 4864 3545 1761 1390 1690 1763 2540 4139 5911 6836 7266 7790 8163 7579 7421 7244 7166 6961 6352 5895 5631 5331 5332 5065 5173 5229 5047 4511 4552 4383 4400 4417 4591 4552 4473 4365 4274 4201
3 6 171 414 851 1217 2618 4103 6352 6328 5535 5249 4733 4766 3753 1429 1168 1422 1786 2592 4332 5985 6280 6913 7390 7879 7447 7104 6845 7016 6764 6480 5605 5565 5386 5147 5020 4974 5135 4981 4464 4376 4375 4519 4527 4560 4548 4504 4420 4370 4321
3 14 193 460 914 1309 3103 4969 6630 6860 6242 5153 4446 4609 3274 1652 1387 1399 2018 2902 4341 5591 6011 6521 7087 7449 7341 7062 6592 6897 7009 6537 5619 5362 5204 5258 5017 4984 5150 5052 4426 4368 4365 4488 4481 4534 4551 4364 4452 4414 4395
3 34 234 533 1002 2039 3715 5553 6267 6053 5767 5023 4081 4586 3328 2013 1017 1233 2216 3376 4719 5472 5730 6080 6748 6934 6682 6542 6308 6707 6956 6568 5603 5410 5232 5102 4999 5067 5065 4985 4410 4485 4473 4468 4429 4498 4535 4494 4462 4451 4461
3 63 287 622 1102 2436 4072 5375 5859 5695 5361 4689 4280 4666 3354 1885 1059 1341 2341 3633 4693 5335 5448 5746 6319 6267 6316 6431 6624 6673 6577 6490 5901 5482 5274 5106 4969 5001 4935 4680 4388 4478 4342 4407 4243 4454 4464 4463 4455 4359 4586
3 104 356 732 1781 2889 4206 5254 5762 5174 5008 4335 4346 4862 2757 1542 868 1541 2527 3548 4501 5111 5211 5487 5863 5846 6193 6542 6767 6474 6513 6344 5845 5500 5325 5106 5155 4946 4880 4694 4368 4470 4316 4350 4369 4427 4406 4438 4338 4398 4654
3 129 396 794 1566 2744 4053 5107 5600 4876 3996 3827 4192 4660 2073 923 830 1661 2681 3593 4600 4800 4909 5216 5316 5422 5877 6340 6492 6525 6358 6107 5850 5458 5364 5138 4994 4900 4787 4619 4352 4443 4388 4173 4345 4386 4368 4417 4441 4519 4680
3 129 396 794 1595 2822 3920 4885 5149 4043 3512 3416 3788 4346 1726 922 813 1709 2803 3722 4542 4517 4490 4606 4738 5073 5633 6101 6283 6295 6153 5886 5700 5464 5444 5286 4992 4771 4573 4541 4455 4405 4305 4134 4195 4343 4213 4382 4408 4484 4669
3 129 396 790 1226 2536 3701 4599 4702 3805 3314 3040 3404 3822 1333 677 839 1742 2837 3780 4470 4311 4055 4072 4221 4609 5170 5786 6074 6096 5990 5849 5785 5599 5401 5271 4880 4743 4517 4464 4382 4344 4093 4190 4271 4283 4174 4340 4366 4432 4634
3 123 361 718 1113 2201 3354 4124 3885 3473 2959 2795 3159 2954 924 654 840 1768 2810 3732 4269 4010 3629 3538 3789 4200 4677 5383 5812 5918 5869 5791 5741 5544 5350 5237 4870 4710 4473 4401 4276 4214 4001 3982 4178 4082 4139 4311 4341 4403 4713
3 97 301 607 949 1519 2776 3464 3268 2769 2280 2346 2775 1837 673 497 875 1828 2927 3654 3925 3690 3343 3282 3533 3833 4335 5047 5478 5765 5781 5770 5664 5517 5310 5181 4944 4655 4419 4352 4177 4096 3879 3899 4116 4020 4132 4293 4438 4503 4707
3 57 213 450 729 958 1463 2366 2742 2341 1545 1317 1519 1094 791 490 934 1924 3019 3258 3787 3445 3020 3098 3344 3565 4020 4793 5205 5574 5556 5525 5669 5450 5294 5113 4914 4592 4377 4270 4075 4021 3779 3800 4026 4096 4276 4417 4301 4377 4584
3 29 144 319 536 707 1060 1720 1857 962 904 839 758 445 360 514 1031 2008 2739 2870 3410 3106 2678 2729 2941 3395 3845 4743 5082 5283 5427 5411 5522 5417 5221 5092 4993 4505 4259 4152 3969 3918 3822 3840 3791 3917 4426 4399 4513 4370 4662
3 10 88 207 366 480 666 773 719 686 675 599 388 475 638 553 779 1922 2568 2465 2944 2616 2317 2486 2865 3336 3662 4683 4840 5196 5230 5281 5386 5431 5246 4975 4695 4411 4119 4050 3846 3782 3596 3769 3889 4085 4408 4379 4383 4353 4635
3 5 53 127 232 300 388 490 510 415 403 413 241 205 464 556 851 1453 2009 2121 1996 1822 1907 2230 2763 3300 3477 3802 4423 5024 5115 5205 5355 5541 5347 5177 4590 4337 4035 4004 3576 3747 3577 3632 3743 4245 4360 4354 4222 4277 4473
3 3 26 64 127 171 231 308 300 171 145 376 139 352 421 429 731 1115 1613 1076 1035 957 1295 1936 2439 2986 3164 2950 3004 4153 4774 5072 5256 5529 5297 5075 4474 4203 3939 3814 3735 3601 3585 3783 4049 4408 4315 4183 4121 4239 4606
3 3 9 24 56 83 118 139 117 54 22 55 59 260 212 390 512 1029 833 814 816 852 1057 1622 2016 2459 2674 2539 2336 889 2447 4417 5338 5480 5182 4847 4522 4242 3615 3727 3739 3606 3497 3556 3656 4062 4147 4131 4088 4236 4631
3 3 3 9 21 37 56 52 35 18 3 3 18 26 109 290 494 849 863 775 724 685 810 1294 1702 2039 2190 2182 2101 2210 2524 3329 5421 5255 4977 4761 4382 3899 3781 3551 3398 3368 3586 3678 3766 4099 4118 4099 4085 4239 4529
3 3 3 3 3 8 19 18 11 6 3 3 3 16 119 300 411 487 559 545 410 540 357 776 1420 1703 1825 1977 2119 2136 2110 3257 5419 5062 4817 4562 4196 3825 3903 3399 3459 3467 3645 3784 3768 4018 4031 4059 4072 4239 4523
3 3 3 3 3 3 3 3 3 3 3 3 3 22 103 213 290 481 774 739 380 248 880 1493 1782 1854 1884 2081 2415 2506 2457 4929 5401 4957 4608 4397 3812 3740 3242 3465 3349 3537 3580 3831 3723 3675 3859 3905 4057 4225 4490
3 3 3 3 3 3 3 3 3 3 3 3 3 29 85 103 448 899 1105 1011 449 340 1572 2107 2283 2337 2497 2741 2796 2756 3292 5495 5217 4826 4402 4179 3927 3254 3074 3489 3517 3534 3571 3748 3735 3869 3833 3620 4050 4210 4436
3 3 3 3 3 3 3 3 3 3 3 3 3 47 127 106 576 884 1267 992 444 443 1917 2505 2761 2867 2990 3229 2936 2719 4664 5382 4899 4776 4448 4096 3670 3433 2946 3262 3424 3469 3644 3892 3584 3783 4038 3625 4181 4183 4384
3 3 3 3 3 4 6 7 6 3 3 3 3 69 216 495 750 1031 1186 804 434 958 1939 2686 3009 3235 3277 4166 5845 6067 5817 5348 4846 4863 4368 3964 3533 2847 2811 3134 3339 3501 3660 3588 192 3518 3698 3820 3973 4136 4299
3 3 3 3 3 4 12 13 12 7 3 3 8 103 337 721 1117 1336 1259 838 519 849 1844 2916 3229 3282 3770 6139 6308 6076 5796 5394 4813 4631 4154 3844 3571 3207 2681 2948 3094 3320 3492 3483 3660 3574 3563 3612 326 3836 4072
3 3 3 3 3 10 28 33 32 22 141 453 216 228 698 1246 1789 2086 1749 1817 3029 1529 1937 3068 3540 3685 6412 6550 6445 6120 5866 5514 4968 4716 4099 3840 3392 3040 2582 3206 3160 3513 3507 3356 3221 3418 3444 3498 3600 3720 3974
3 3 3 3 3 20 49 61 65 89 160 721 553 660 1251 1916 2657 4777 4876 4418 4274 4017 4189 4752 5326 6320 6675 6913 6736 6330 5915 5504 5127 4572 4133 3726 3055 2913 2916 3091 3436 3350 3343 3337 3135 3262 3254 3356 3504 3626 3878
3 3 3 3 3 31 73 98 123 255 681 879 1056 1059 1458 2220 3388 4987 4412 3608 3996 4077 4223 4813 5910 6236 6396 6905 6593 6208 5933 5644 5160 4669 4335 3546 2969 2775 2352 3213 3281 3206 3185 3165 3121 3104 3135 3207 3339 3504 3768
3 3 3 3 3 48 103 140 208 497 1204 1689 1554 1321 1594 2300 4009 4665 3940 3459 3462 3211 3802 4705 5693 6117 6329 6508 6521 6208 5818 5561 5193 4692 4431 3554 3094 2701 2970 3084 2976 3044 3018 3016 3007 2979 3015 3134 3251 3520 3699
3 3 3 3 5 67 135 186 313 965 1766 3106 2825 1504 1835 2394 4617 5121 4594 4116 2782 3199 3829 4793 5672 6009 6093 6325 6332 6040 5799 5541 5123 4664 4252 3562 2814 2621 2836 3458 3552 2743 2704 2693 2709 2746 2920 3007 3203 3495 3701
6 3 3 3 13 90 170 240 429 1248 2332 3522 4119 3444 2500 3432 4409 4393 3726 3796 2944 2954 3810 4737 5362 5858 6015 6150 6251 6065 5815 5531 5090 4634 4216 3738 2794 2564 2765 2765 3299 2836 2597 2561 2599 2826 2909 2950 3062 3271 3687
8 3 3 3 23 107 193 283 518 1489 2595 3479 3730 4438 5033 5357 4462 3686 3172 3236 3450 2600 3664 4622 5395 5821 5953 6110 6222 6033 5802 5509 5061 4724 4007 3667 2720 2531 2640 2674 2694 2715 2606 2549 2437 2713 2843 2913 3052 3318 3611
8 3 3 3 33 120 194 303 571 1609 2434 2938 3437 4120 5016 4595 3844 3047 2577 2667 2911 2325 3434 4425 5226 5705 5836 5994 6072 5853 5662 5305 5115 4756 4264 3587 2714 2519 2440 2586 2599 2559 2453 2271 2336 2462 2718 2816 2977 3336 3557
6 3 3 3 45 126 194 331 641 1532 2349 2871 3202 3712 3752 4095 3324 2639 2006 2137 2499 2190 3218 4172 4989 5512 5685 5881 5962 5789 5551 5225 4920 4628 4153 3487 2680 2439 2335 2421 2454 2431 2330 2163 2242 2501 2645 2775 3042 3256 3576
5 3 3 3 49 126 194 340 708 1519 2252 2675 2849 3159 3209 3422 2872 2306 1190 1775 2157 1990 2868 3724 4622 5267 5513 5671 5794 5671 5431 5093 4779 4473 3797 3087 2559 2329 2349 2252 2276 2281 2047 2050 2146 2409 2579 2755 3047 3252 3319
4 3 3 3 47 114 170 355 661 1255 1872 2207 2495 2757 2207 2890 2441 1741 382 1374 1490 1730 2392 3216 4164 4914 5260 5486 5608 5518 5224 5056 4712 4068 3616 2726 2412 2340 2192 2140 2153 2001 1943 1968 2186 2518 2461 2708 2935 3257 3526
4 3 3 3 36 90 167 341 598 943 1214 1792 2258 2411 2659 2414 1981 1486 393 1150 1647 1473 2148 2726 3555 4425 4934 5230 5340 5455 5175 4842 4481 4019 3402 2674 2388 2146 1926 2021 2323 2326 1852 1894 2299 2192 2362 2648 2876 3216 3496
3 3 3 3 26 83 155 325 561 874 1128 1324 1839 2023 1859 2022 1649 1172 411 978 1268 1043 1768 2359 3014 3937 4600 4941 5297 5162 4654 4834 4125 3804 3174 2333 2048 1889 1949 1904 2201 2194 2066 2043 1977 2124 2292 2530 2753 3098 3441
3 3 3 3 16 61 115 265 480 771 1007 1189 1293 1661 1122 1424 818 387 381 657 1023 937 1239 1957 2522 3290 4003 4616 5005 4893 4852 4464 3918 3035 2506 2141 1942 1786 1814 2094 2053 2065 2065 2116 1874 1992 2167 2388 2644 2989 3277
3 3 3 3 6 43 86 221 418 689 907 1074 1585 1548 1774 687 472 381 380 606 757 842 1081 1557 2022 2787 4005 4870 4954 4813 4576 4211 3415 2696 2188 1891 1883 1890 1650 2239 1838 1876 1850 1836 1703 1846 2016 2236 2513 2836 3103
3 3 3 3 3 31 66 188 368 618 816 966 1349 1745 1402 601 413 362 362 362 520 780 978 1131 1697 2575 3492 4664 4837 4651 4418 4064 3571 2760 2276 2039 2041 1761 2429 2207 1693 1634 1648 1755 1837 1818 1934 2154 2406 2620 2943
3 3 3 3 3 25 56 167 331 561 740 872 928 1090 791 523 359 337 335 362 1018 762 940 1080 2125 2987 3508 4305 4761 4524 4278 3919 3460 2437 2291 1765 1685 1637 1557 1568 1557 1620 1602 1695 1843 1850 1979 2118 2322 2525 2828
