---
Surface Dew Point Temperature (2m AGL) [F] Valid 0400 PST ~Z75~(1200Z)~Z~ FRI 19 May 2017 ~Z75~[12hrFcst@1426z]~Z~
Model= RASP Region= PANOCHE Grid= d2 Reskm= 4.0 Indexs= 1 51 1 69 Proj= lambert 4000 4000 40.0000 40.0000 -73.0000 36.6487 -121.0445
Day= 2017 5 19 FRI ValidLST= 400 PST ValidZ= 1200 Fcst= 12.0 Init= 12 Param= sfcdewpt Unit= F Mult= 1 Min= 23.6 Max= 52.2
51.0 50.8 50.5 50.5 50.2 49.4 48.4 47.2 44.5 41.8 40.1 39.0 38.4 37.6 37.4 37.4 36.8 36.4 36.4 36.2 36.1 35.9 35.7 35.7 35.9 37.1 39.0 39.7 39.0 37.7 37.4 36.9 36.7 37.0 37.1 37.5 38.0 37.8 37.5 37.3 36.8 36.6 36.7 36.7 36.8 36.7 36.5 36.2 35.9 35.6 35.2
51.0 50.8 50.5 50.4 50.2 49.5 48.5 47.4 43.2 39.1 38.8 39.2 38.5 37.1 37.0 37.1 36.7 36.3 36.3 36.3 36.2 35.9 35.9 36.1 36.0 36.8 38.4 39.2 38.8 38.1 38.3 37.5 36.5 36.9 36.9 37.3 37.8 37.8 37.6 37.3 36.9 36.9 37.0 37.1 37.2 37.2 37.0 36.8 36.6 36.2 35.8
51.0 50.8 50.5 50.3 50.1 49.6 48.6 47.5 43.4 39.3 39.0 39.5 38.6 36.7 36.6 36.6 36.4 36.2 36.3 36.6 36.4 36.0 36.3 36.7 36.3 36.1 37.0 37.7 38.3 39.1 39.1 37.2 36.2 36.8 36.8 36.9 37.4 37.8 37.6 37.2 37.0 37.2 37.3 37.5 37.6 37.6 37.5 37.3 37.1 36.8 36.3
51.0 50.8 50.5 50.2 50.1 49.7 48.8 47.6 43.6 39.5 39.2 39.8 38.6 36.3 36.2 36.3 36.5 36.7 37.0 37.1 36.8 36.7 37.1 37.0 36.2 35.6 35.7 36.2 37.4 38.9 38.7 37.0 36.2 36.5 36.6 36.6 37.2 37.7 37.6 37.3 37.2 37.4 37.6 37.8 37.9 38.0 37.9 37.8 37.6 37.3 36.9
51.0 50.8 50.5 50.2 50.0 49.7 48.9 47.8 43.8 39.8 39.8 40.2 38.2 35.9 36.0 36.4 36.9 37.4 37.8 37.9 37.8 37.9 37.6 36.7 36.1 36.0 35.7 35.3 36.6 38.3 38.3 37.5 36.6 36.2 36.3 36.5 37.1 37.5 37.6 37.4 37.4 37.6 37.9 38.1 38.3 38.4 38.4 38.3 38.1 37.8 37.4
51.0 50.8 50.5 50.2 49.9 49.6 49.0 47.9 43.9 40.8 41.7 40.1 36.7 35.5 35.9 36.4 36.7 37.6 38.3 38.6 38.7 38.6 37.6 36.4 36.3 36.7 36.1 35.2 36.4 38.0 38.1 37.6 37.4 36.7 36.1 36.8 37.1 37.3 37.4 37.4 37.5 37.8 38.1 38.3 38.5 38.7 38.7 38.8 38.6 38.3 37.8
51.1 50.8 50.5 50.2 49.9 49.7 49.1 48.0 44.1 42.1 43.2 39.4 35.4 35.1 35.5 35.6 35.8 37.3 38.7 39.0 39.1 38.6 37.3 36.3 36.5 36.8 36.2 35.4 36.4 37.8 38.0 37.6 37.9 37.4 36.4 37.5 37.5 37.2 37.3 37.3 37.7 38.0 38.3 38.5 38.8 38.9 39.1 39.2 39.2 38.8 38.3
51.1 50.8 50.5 50.2 49.9 49.7 49.1 48.0 44.1 42.0 42.1 38.0 34.9 34.9 35.0 35.1 35.5 37.5 39.1 39.4 39.3 38.4 37.0 36.2 36.5 36.7 36.2 36.0 36.6 37.0 37.2 37.7 38.2 37.3 37.1 38.4 37.7 36.9 37.1 37.4 37.8 38.1 38.4 38.7 39.0 39.2 39.4 39.6 39.6 39.4 38.9
51.1 50.9 50.6 50.3 50.0 49.6 48.9 47.7 44.1 41.8 40.5 36.2 34.4 35.1 35.5 35.2 36.1 38.2 39.6 39.7 39.0 37.8 36.8 36.2 36.3 36.6 36.1 36.4 36.2 35.0 36.1 37.2 38.0 37.4 37.6 38.6 37.6 37.3 37.3 37.4 37.8 38.2 38.6 38.9 39.2 39.5 39.7 39.9 40.1 39.9 39.4
51.2 51.0 50.7 50.4 49.9 49.3 48.4 46.1 42.5 42.0 39.7 35.0 34.4 35.9 36.7 36.3 37.2 39.0 40.0 40.1 38.9 37.6 37.0 36.2 36.2 36.4 36.2 36.2 34.9 34.0 35.9 37.2 38.1 37.6 37.4 38.0 37.8 38.3 37.8 37.4 37.9 38.3 38.7 39.0 39.4 39.7 40.0 40.2 40.5 40.4 39.9
51.5 51.2 50.7 50.2 49.6 48.8 46.6 42.9 40.9 40.4 37.2 34.0 34.8 37.2 38.6 38.5 38.9 39.9 40.3 40.4 39.5 38.1 37.0 36.0 36.0 36.3 36.5 35.7 34.3 35.0 36.3 37.3 38.6 38.1 37.1 37.6 38.3 38.8 37.9 37.4 37.9 38.3 38.7 39.2 39.6 39.9 40.2 40.5 40.8 40.8 40.5
51.6 51.1 50.6 50.0 49.3 47.1 43.4 41.2 41.6 39.0 34.3 33.4 35.6 38.5 39.5 39.6 40.1 40.6 40.6 40.7 40.1 38.3 36.3 35.4 35.7 36.0 35.8 35.0 34.8 36.0 36.9 37.7 39.0 39.1 38.2 38.2 38.8 39.0 38.1 37.4 37.9 38.4 38.8 39.3 39.7 40.1 40.4 40.8 41.1 41.3 41.0
51.5 51.0 50.4 49.8 47.7 44.1 41.9 41.3 42.0 38.7 33.3 33.8 36.9 39.1 39.0 38.9 39.3 40.3 40.9 41.0 40.0 37.6 35.5 35.0 35.4 35.5 34.6 34.6 36.1 36.9 37.7 38.7 39.5 39.9 39.3 38.8 39.0 39.1 38.2 37.6 38.2 38.5 38.9 39.4 39.9 40.3 40.7 41.0 41.3 41.6 41.6
51.5 51.0 50.3 49.6 46.2 42.7 42.0 42.0 41.1 37.0 33.4 34.3 37.2 38.6 38.8 38.8 38.4 39.9 41.1 41.0 39.4 36.8 35.2 35.0 35.3 34.9 34.1 35.1 37.0 37.8 38.4 39.3 39.9 40.1 39.5 39.2 39.3 39.3 38.9 38.5 38.5 38.7 39.1 39.6 40.0 40.5 40.9 41.2 41.5 41.7 41.7
51.6 51.0 50.2 48.2 44.8 42.7 42.1 41.2 38.2 34.7 33.2 33.7 36.4 37.8 39.1 39.7 38.9 40.1 41.3 41.1 39.5 37.0 35.2 34.9 35.1 34.5 34.4 35.6 36.4 37.2 38.6 39.7 40.1 40.1 39.9 39.7 39.6 39.7 39.8 39.1 38.6 38.9 39.2 39.7 40.2 40.6 41.0 41.2 41.4 41.6 41.6
51.6 51.0 50.2 46.9 43.3 42.8 42.1 39.5 35.5 33.5 32.8 33.6 35.8 37.5 39.4 39.9 38.4 38.9 40.5 41.3 40.2 37.5 35.3 34.8 34.9 34.3 34.5 35.7 35.7 35.9 37.8 39.6 39.9 39.9 40.2 40.1 39.9 40.1 40.1 39.0 38.5 39.1 39.4 39.8 40.2 40.6 40.9 41.1 41.2 41.3 41.4
51.7 51.0 50.2 46.9 43.3 42.8 42.3 39.4 35.0 33.1 33.1 34.7 36.3 37.9 39.9 38.7 35.8 36.5 39.5 41.1 40.3 38.1 35.9 35.1 34.7 34.0 34.4 35.1 35.0 35.0 36.9 38.7 38.4 38.2 39.4 40.2 40.2 40.4 40.4 39.0 38.3 39.2 39.5 39.9 40.2 40.5 40.7 40.9 41.0 41.1 41.2
51.9 51.2 50.2 46.9 43.4 42.8 42.7 38.8 32.9 32.2 33.7 36.1 37.5 38.9 40.0 37.3 34.0 36.3 39.8 40.9 40.4 38.9 37.1 35.6 34.3 33.6 34.1 34.1 34.1 35.3 36.7 36.9 36.3 36.7 38.9 40.4 40.5 40.7 40.6 40.0 39.0 39.1 39.6 39.9 40.2 40.4 40.6 40.7 40.8 40.8 41.0
52.0 51.3 50.3 46.9 43.4 42.8 42.2 37.0 30.9 31.7 34.3 36.7 38.2 39.4 39.2 36.3 34.4 37.5 40.4 40.7 40.4 39.2 37.5 35.6 34.0 33.4 33.5 33.2 34.0 35.6 35.9 35.1 34.7 36.3 39.1 40.6 40.9 41.0 41.0 41.0 39.8 39.1 39.7 40.0 40.2 40.4 40.5 40.6 40.7 40.7 40.8
52.2 51.5 50.4 46.9 43.3 42.7 40.5 34.7 30.6 31.7 34.2 36.6 38.1 39.0 37.6 34.9 35.6 38.9 40.5 40.6 40.3 39.3 37.7 35.6 33.8 33.2 33.0 33.1 34.2 34.8 34.4 33.9 34.0 35.7 38.8 40.8 41.1 41.2 41.3 41.4 40.1 39.2 39.8 40.1 40.3 40.4 40.4 40.5 40.5 40.5 40.6
52.1 51.6 50.5 46.9 43.2 42.6 39.4 33.5 30.4 31.5 34.0 36.4 38.0 38.3 36.3 34.2 36.8 39.9 40.4 40.3 39.9 39.2 37.8 35.6 33.9 33.0 32.8 33.1 33.7 33.7 33.4 33.5 34.8 36.9 39.5 41.0 41.3 41.5 41.6 41.7 40.4 39.2 39.8 40.3 40.4 40.5 40.4 40.4 40.3 40.3 40.3
52.0 51.6 50.5 46.8 43.0 42.5 40.2 34.4 30.3 31.2 33.4 35.6 37.0 37.0 35.5 35.2 37.9 40.1 40.4 40.1 39.5 38.8 37.3 35.2 33.7 32.6 32.5 32.8 32.9 33.0 33.2 34.1 35.8 38.1 40.1 41.0 41.4 41.6 41.8 41.9 40.7 39.4 40.0 40.5 40.7 40.8 40.6 40.4 40.2 40.2 40.2
51.8 51.4 50.5 46.7 42.9 42.3 41.8 36.5 30.3 30.6 31.6 33.5 35.3 34.8 34.3 36.4 38.9 40.0 40.3 39.8 39.0 38.5 37.3 35.2 33.4 32.3 32.4 32.7 32.8 32.9 33.4 35.1 36.5 37.5 39.6 40.9 41.5 41.8 42.0 42.2 41.6 40.4 40.1 40.6 40.9 41.0 40.8 40.5 40.2 40.2 40.2
51.5 51.2 50.4 48.0 44.2 42.2 42.5 37.5 30.5 30.2 30.5 32.1 33.5 32.9 33.5 36.8 39.3 40.1 40.2 39.5 38.6 38.3 37.8 35.5 32.9 32.3 32.5 32.7 32.8 33.0 33.7 35.3 36.5 37.1 39.1 40.9 41.5 42.0 42.2 42.4 42.5 41.4 40.2 40.7 41.1 41.1 40.9 40.5 40.3 40.2 40.2
51.2 51.0 50.4 49.2 45.5 42.0 40.5 35.2 30.5 30.4 31.0 31.5 31.6 31.6 33.5 36.8 39.0 40.0 40.1 39.3 38.4 38.1 37.3 34.7 32.5 32.3 32.6 32.8 33.0 33.3 34.0 34.6 35.6 36.8 38.9 40.8 41.7 42.1 42.3 42.5 42.1 40.9 40.4 40.9 41.4 41.3 41.1 40.6 40.3 40.2 39.9
51.0 50.8 50.2 49.1 45.4 41.8 37.9 32.4 31.0 30.8 30.9 31.4 31.1 31.5 33.9 36.3 38.3 39.8 39.8 38.9 38.1 37.5 35.8 33.4 32.3 32.4 32.7 32.9 33.5 34.3 34.8 34.7 35.5 37.0 39.0 41.0 41.9 42.2 42.4 42.7 41.6 40.4 40.6 41.1 41.6 41.5 41.2 40.7 40.1 39.9 39.5
50.8 50.4 50.0 49.1 45.3 41.7 37.2 31.9 31.4 30.9 31.0 32.0 31.5 32.2 34.6 36.0 37.8 39.5 39.4 38.4 37.6 36.5 34.7 33.4 32.5 32.4 32.6 33.0 33.9 35.1 35.4 35.5 36.5 37.9 39.6 41.3 41.9 42.2 42.5 42.8 41.7 40.6 40.8 41.2 41.6 41.5 41.2 40.6 40.0 39.7 39.6
50.6 50.2 49.8 49.0 46.4 42.8 37.0 31.5 30.6 30.5 31.1 31.7 31.0 32.4 35.4 36.8 38.3 39.4 39.0 37.9 37.3 36.6 35.5 34.3 33.0 32.4 32.7 32.9 33.7 34.5 35.5 36.6 37.5 38.6 40.0 41.2 41.9 42.2 42.5 42.8 41.9 40.9 41.0 41.2 41.5 41.5 41.1 40.6 40.1 39.9 40.1
50.4 50.0 49.5 48.8 47.4 43.9 36.6 30.8 29.8 29.8 30.6 31.6 32.3 33.7 35.7 37.5 39.0 39.4 38.8 37.7 37.2 37.2 36.4 34.5 32.7 32.4 32.7 32.8 33.3 34.6 36.4 37.5 38.1 39.1 40.2 41.1 41.8 42.2 42.4 42.3 41.6 41.2 41.3 41.4 41.5 41.5 41.1 40.7 40.2 40.2 40.2
50.2 49.8 49.1 48.5 47.3 44.9 37.5 30.2 29.4 29.4 30.3 32.3 34.8 34.8 34.8 37.5 39.2 39.2 38.3 37.4 37.1 36.5 35.8 34.2 32.4 32.3 32.6 32.8 34.0 36.1 37.3 37.8 38.4 39.6 40.5 41.2 41.8 42.1 42.3 41.9 41.5 41.6 41.6 41.6 41.6 41.5 41.2 40.7 40.3 40.1 40.0
50.1 49.7 49.1 48.5 47.4 44.2 36.2 29.6 29.2 29.3 29.8 31.5 33.8 33.0 33.0 36.9 39.1 38.9 37.7 36.0 35.4 35.2 35.4 34.3 32.1 32.2 32.5 33.1 35.3 36.8 36.6 37.1 38.5 39.9 40.9 41.4 41.8 42.1 42.3 42.1 41.9 42.0 41.9 41.9 41.8 41.6 41.3 40.9 40.4 40.1 39.7
50.1 49.8 49.3 48.6 47.4 41.7 32.6 29.0 29.0 29.6 29.8 30.1 30.9 30.4 31.6 36.4 39.1 38.6 36.9 34.3 33.5 34.3 35.5 34.1 31.8 32.2 32.9 34.7 36.6 36.4 35.1 36.0 38.3 40.2 41.2 41.6 41.9 42.1 42.3 42.4 42.4 42.3 42.3 42.1 42.0 41.7 41.4 41.0 40.6 40.0 39.4
50.3 49.8 49.2 48.5 46.4 39.8 31.4 28.6 28.7 29.6 29.6 29.4 29.2 29.0 31.7 36.8 39.1 38.1 35.7 33.6 33.3 33.8 35.3 34.0 31.9 32.1 33.4 35.2 35.9 35.7 35.0 35.8 38.1 40.3 41.4 41.8 42.1 42.4 42.7 42.8 42.8 42.7 42.6 42.4 42.2 41.9 41.4 41.0 40.7 39.9 39.1
50.3 49.8 49.1 48.3 44.7 37.2 30.4 28.1 28.1 28.4 28.8 29.2 28.8 28.6 32.9 37.8 38.9 37.8 35.0 32.7 32.8 33.2 34.6 33.5 31.6 31.8 32.6 33.3 33.6 35.7 36.8 37.0 38.8 40.9 41.6 42.0 42.6 43.2 43.4 43.3 43.3 43.1 43.0 42.8 42.5 42.0 41.3 40.8 40.7 39.9 38.8
50.3 49.8 49.1 48.3 43.7 35.5 29.6 27.7 27.4 28.4 30.5 31.0 29.3 29.0 34.3 38.7 38.8 37.8 34.5 31.4 31.7 32.7 33.4 32.6 31.5 31.5 31.7 32.2 32.8 35.9 38.5 39.1 40.5 41.5 41.8 42.1 43.2 44.0 43.9 43.9 43.7 43.6 43.3 43.1 42.8 42.2 41.3 40.7 40.7 39.9 38.6
50.3 49.8 49.1 48.2 43.5 35.2 29.8 27.4 27.4 30.5 33.6 33.2 30.1 30.2 35.9 39.3 38.8 37.7 33.9 30.3 31.1 32.8 33.2 32.7 32.0 31.6 31.7 32.0 32.4 34.5 37.7 39.7 41.1 41.9 42.0 42.3 43.5 44.5 44.5 44.4 44.2 44.0 43.7 43.3 42.9 42.4 41.6 40.8 40.7 39.8 38.6
50.3 49.8 49.1 48.2 44.1 36.2 29.6 26.7 28.5 32.9 35.4 34.0 30.5 31.3 37.3 40.2 39.4 37.7 33.6 29.9 30.9 34.5 36.5 35.0 32.7 31.7 31.7 31.9 32.2 33.2 36.1 38.8 40.7 42.1 42.2 42.4 43.8 45.0 45.1 44.9 44.6 44.2 43.8 43.4 42.9 42.5 41.9 41.1 40.3 39.3 38.6
50.3 49.8 49.1 48.3 45.7 38.8 30.3 27.3 30.8 34.9 36.2 34.1 30.2 31.9 38.6 41.5 40.4 37.8 33.4 30.1 32.0 36.6 39.0 36.7 33.2 32.1 31.8 32.1 32.4 33.5 36.1 38.7 40.7 42.2 42.4 42.6 44.0 45.4 45.5 45.1 44.7 44.3 43.9 43.5 43.0 42.6 42.0 41.4 40.0 38.8 38.5
50.3 49.8 49.2 48.4 46.9 41.3 32.4 29.5 33.1 36.0 36.4 34.5 31.3 34.7 40.9 42.7 41.6 37.8 32.2 29.9 34.3 38.6 39.4 36.9 33.6 32.5 32.2 32.8 33.3 35.5 38.7 40.4 41.6 42.4 42.5 42.7 44.2 45.7 45.6 45.2 44.9 44.5 44.2 43.7 43.2 42.7 42.1 41.4 40.0 38.7 38.5
50.4 49.9 49.3 48.6 47.3 43.1 35.6 32.8 36.1 37.8 38.3 37.7 36.4 39.8 43.6 43.8 42.1 36.9 30.9 30.4 36.5 40.3 40.1 37.8 34.5 32.7 32.2 33.4 34.5 37.4 40.7 41.9 42.4 42.5 42.5 42.8 44.3 45.8 45.8 45.5 45.3 44.9 44.4 43.9 43.4 42.7 42.0 41.3 39.9 38.7 38.4
50.4 50.0 49.4 48.8 48.0 45.9 41.0 38.8 41.2 41.5 41.7 42.4 42.7 44.0 44.9 44.6 41.8 35.5 30.6 31.6 37.5 41.2 41.1 39.0 35.6 32.7 31.9 33.5 35.7 38.7 41.3 42.1 42.3 42.4 42.6 42.8 44.3 45.8 46.0 45.9 45.6 45.2 44.6 44.1 43.4 42.7 42.0 40.9 39.6 38.7 38.3
50.5 50.1 49.6 49.2 48.7 48.2 46.3 44.8 45.2 45.0 44.7 45.2 45.8 45.9 45.7 45.4 42.4 35.8 30.8 32.3 38.5 42.6 42.7 39.8 35.0 31.8 31.3 33.3 36.8 40.0 41.5 42.0 42.1 42.2 42.5 42.8 44.3 45.8 46.2 46.2 45.9 45.4 44.9 44.2 43.5 42.8 42.0 40.6 39.4 38.7 38.2
50.6 50.3 49.9 49.6 49.2 48.9 48.6 47.3 46.7 47.0 46.6 46.4 46.6 46.5 46.4 46.0 43.7 37.8 32.7 35.3 41.3 44.2 44.1 41.0 34.8 30.8 30.7 33.1 37.0 39.6 40.7 41.7 42.0 42.1 42.5 42.8 44.2 45.7 46.2 46.3 46.1 45.7 45.1 44.4 43.7 42.9 42.0 40.7 39.5 38.8 38.1
50.8 50.5 50.2 49.9 49.6 49.3 49.1 48.3 48.1 48.2 47.7 47.4 47.2 47.1 46.9 46.6 44.9 41.0 38.5 41.1 44.5 45.4 45.2 43.1 37.4 32.2 31.5 33.2 37.1 39.2 40.0 41.3 41.8 42.1 42.4 42.8 43.6 45.1 46.1 46.4 46.3 45.9 45.3 44.6 43.8 43.0 42.1 40.8 39.6 38.8 38.0
50.9 50.7 50.4 50.2 49.9 49.7 49.5 49.4 49.2 49.0 48.6 48.1 47.7 47.5 47.4 47.1 45.7 43.6 43.5 45.1 45.9 45.9 45.7 44.4 40.1 35.1 33.5 34.3 37.8 39.9 40.2 41.1 41.6 42.0 42.4 42.7 43.0 44.5 46.0 46.4 46.4 46.0 45.5 44.8 44.0 43.2 42.3 40.9 39.8 38.9 37.9
51.0 50.8 50.6 50.4 50.2 50.0 49.8 49.7 49.6 49.4 49.0 48.6 48.2 47.9 47.6 47.1 46.1 45.1 45.4 45.8 45.8 45.9 45.5 44.3 41.0 37.1 35.6 35.9 37.9 39.6 40.2 40.8 41.4 41.9 42.3 42.6 42.9 44.4 45.9 46.4 46.5 46.2 45.6 45.0 44.3 43.4 42.4 41.1 40.0 38.9 37.7
51.1 50.9 50.7 50.5 50.4 50.2 50.1 50.0 49.9 49.7 49.4 49.1 48.7 48.3 47.9 47.3 46.8 46.2 45.5 45.4 45.6 45.8 44.9 42.7 40.0 38.1 37.4 36.9 36.9 38.0 39.2 40.2 41.1 41.7 42.1 42.5 42.9 44.3 45.8 46.3 46.6 46.3 45.8 45.2 44.4 43.5 42.3 40.9 40.0 39.0 37.8
51.2 51.0 50.8 50.7 50.5 50.4 50.3 50.2 50.1 50.0 49.8 49.4 49.1 48.6 48.1 47.7 47.5 46.4 44.2 44.1 45.4 45.4 43.4 39.6 36.9 36.9 37.6 37.1 35.8 35.9 37.6 39.4 40.6 41.5 42.0 42.4 42.8 44.2 45.7 46.2 46.5 46.4 46.0 45.3 44.5 43.6 42.0 40.5 39.8 39.0 37.9
51.2 51.1 50.9 50.8 50.7 50.6 50.5 50.4 50.3 50.2 50.0 49.6 49.2 48.7 48.2 48.0 47.6 45.2 41.5 42.0 44.7 44.7 41.8 37.2 34.3 34.7 36.5 36.7 35.5 35.2 37.0 38.9 40.1 41.2 41.8 42.3 42.7 44.0 45.5 46.0 46.4 46.3 45.9 45.4 44.6 43.6 41.9 40.3 39.6 38.8 37.9
51.2 51.1 51.0 50.9 50.7 50.6 50.5 50.4 50.3 50.2 50.0 49.6 49.1 48.7 48.3 48.1 47.2 43.5 39.8 41.8 44.5 43.8 39.9 34.9 32.4 33.3 35.2 35.4 34.8 35.5 37.2 38.3 39.6 41.0 41.6 42.1 42.5 43.4 44.8 45.7 46.0 46.0 45.7 45.1 44.4 43.6 41.8 40.2 39.5 38.7 37.8
51.2 51.1 51.0 50.9 50.8 50.7 50.6 50.4 50.3 50.1 49.9 49.6 49.1 48.7 48.3 47.9 46.5 42.4 40.8 43.3 44.4 42.9 37.6 31.8 30.7 32.1 34.0 34.6 34.6 35.5 36.9 37.6 38.9 40.6 41.4 42.0 42.4 42.7 43.9 45.2 45.6 45.6 45.1 44.6 44.2 43.5 41.7 40.0 39.3 38.6 37.7
51.2 51.1 51.0 50.9 50.8 50.7 50.5 50.4 50.2 50.0 49.8 49.5 49.1 48.7 47.9 46.9 44.0 39.5 40.0 42.9 43.5 42.2 36.3 30.5 30.5 31.6 32.7 34.2 34.7 35.2 36.4 37.8 38.9 40.2 41.4 42.0 42.3 42.6 43.6 44.7 45.1 45.2 44.7 44.1 43.9 43.5 41.6 39.8 39.2 38.4 37.6
51.2 51.1 51.0 50.9 50.8 50.6 50.4 50.2 50.0 49.8 49.6 49.3 49.0 48.5 46.9 43.8 38.0 33.8 38.1 42.1 42.5 41.2 35.5 29.5 29.3 30.8 31.7 32.9 33.9 34.5 35.9 37.9 38.9 39.9 41.4 42.0 42.3 42.5 43.3 44.3 44.6 44.8 44.6 44.1 43.8 43.3 41.5 39.6 39.0 38.2 37.5
51.1 51.1 51.0 50.9 50.8 50.6 50.3 50.1 49.9 49.6 49.3 49.1 48.7 48.0 45.8 39.3 29.9 28.9 37.6 42.2 41.9 40.2 34.6 27.7 26.5 29.1 30.9 31.1 31.9 33.5 35.3 37.3 39.1 39.8 40.9 42.1 42.4 42.5 43.1 43.8 44.2 44.5 44.5 44.2 43.8 43.2 41.3 39.4 38.7 38.0 37.3
51.1 51.1 51.0 50.9 50.7 50.5 50.3 50.0 49.7 49.2 48.3 47.9 47.9 47.4 44.9 36.1 24.7 27.5 37.6 42.0 41.4 39.4 34.1 26.7 24.5 27.7 30.1 29.5 29.5 32.3 34.6 36.3 38.8 39.9 40.9 42.3 42.5 42.6 42.9 43.4 43.8 44.0 44.2 44.0 43.7 43.1 41.1 39.1 38.4 37.7 37.1
51.1 51.1 51.0 50.9 50.7 50.5 50.2 49.9 49.6 48.3 46.0 45.9 46.9 46.4 43.4 34.1 24.0 30.5 39.6 42.1 41.1 39.1 33.9 26.2 23.8 26.9 29.8 30.1 29.8 32.0 34.2 35.4 38.0 40.2 41.6 42.6 42.7 42.7 42.7 43.0 43.3 43.6 43.7 43.6 43.3 42.7 40.8 38.8 38.2 37.6 37.1
51.1 51.0 51.0 50.9 50.7 50.4 50.1 49.8 49.4 46.9 42.4 42.7 45.8 45.0 41.3 32.9 25.5 34.9 42.4 42.6 41.3 38.6 32.8 25.6 23.6 27.0 30.2 31.3 31.5 32.6 34.1 35.0 37.6 40.4 42.0 42.9 42.9 42.6 42.4 42.6 42.9 43.1 43.3 43.2 42.6 42.2 41.2 39.2 38.0 37.7 37.2
51.0 51.0 51.0 50.9 50.7 50.4 50.0 49.7 49.0 45.3 38.8 39.0 44.3 43.3 39.2 35.3 33.4 39.9 44.3 43.7 42.1 38.6 32.1 25.5 24.3 27.5 30.4 30.8 30.9 32.3 33.4 34.2 37.4 40.2 42.1 43.3 43.2 42.5 41.9 42.3 42.6 42.7 42.8 42.7 42.2 41.9 41.6 39.7 37.9 37.6 37.2
51.0 51.0 51.0 50.9 50.7 50.4 50.0 49.6 48.7 44.4 36.9 37.7 43.5 40.9 35.9 38.8 42.5 44.7 45.5 44.8 43.4 40.3 33.4 26.7 25.8 27.9 30.0 29.5 29.0 31.2 33.2 34.3 37.7 40.0 41.8 43.8 42.9 41.8 41.7 42.0 42.3 42.4 42.5 42.5 42.2 41.8 41.3 39.5 37.7 37.4 37.1
51.0 51.0 50.9 50.9 50.7 50.4 50.0 49.6 48.6 44.5 38.2 39.2 42.0 35.7 31.1 40.0 46.3 46.8 46.3 45.6 44.5 41.6 34.5 27.7 26.6 28.1 29.5 28.6 28.4 31.1 33.7 35.2 38.8 41.1 42.5 44.1 42.5 41.1 41.6 41.9 42.2 42.4 42.4 42.3 42.1 41.6 41.0 39.2 37.6 37.3 36.6
51.0 50.9 50.9 50.9 50.7 50.4 50.0 49.7 48.6 45.3 40.4 39.9 38.9 30.7 31.1 42.3 47.5 47.6 47.0 46.3 45.2 41.6 34.3 28.2 27.0 28.2 29.8 29.3 29.7 32.1 33.7 36.6 39.9 41.9 43.7 43.4 41.9 41.4 41.9 42.2 42.4 42.4 42.4 42.2 41.9 41.4 40.7 39.0 37.5 36.9 35.7
50.9 50.9 50.9 50.9 50.7 50.5 50.1 49.8 48.7 45.6 40.7 39.1 37.9 31.0 34.3 44.5 48.2 48.2 47.7 47.0 45.7 42.2 35.1 29.5 27.9 27.9 29.7 30.5 31.2 33.1 34.3 37.3 40.2 42.2 44.2 43.0 41.6 42.2 42.5 42.6 42.7 42.6 42.4 42.1 41.7 41.2 40.5 38.7 37.4 36.6 35.2
50.9 50.9 50.8 50.8 50.7 50.5 50.2 49.8 49.0 46.8 43.0 41.7 39.6 32.3 34.7 44.7 48.8 48.8 48.3 47.7 46.4 43.0 36.4 31.1 28.9 28.5 30.5 31.6 32.6 33.8 35.6 38.3 41.1 43.5 44.7 43.8 42.6 43.0 43.2 43.2 43.1 42.9 42.6 42.2 41.7 41.1 40.3 38.5 37.1 36.5 35.1
50.8 50.8 50.7 50.7 50.6 50.4 50.2 49.8 49.4 48.4 46.8 45.7 40.9 33.2 37.7 46.5 49.3 49.2 48.8 48.2 46.9 41.1 33.7 31.2 30.3 30.4 31.2 32.1 33.3 34.0 36.8 39.9 42.4 44.5 45.3 44.5 43.6 43.9 43.9 43.8 43.6 43.2 42.8 42.3 41.7 41.0 40.1 38.2 36.8 36.3 34.9
50.8 50.7 50.7 50.6 50.5 50.4 50.2 49.8 49.6 48.9 48.3 47.0 41.7 38.4 44.0 48.7 49.6 49.5 49.1 48.7 47.5 41.2 34.1 34.7 35.5 34.5 34.1 33.9 33.3 33.9 37.4 41.1 43.6 45.1 45.8 45.2 44.5 44.8 44.7 44.4 44.1 43.7 43.2 42.5 41.8 41.0 40.0 38.0 36.5 36.1 34.7
50.7 50.6 50.6 50.5 50.4 50.3 50.1 49.9 49.6 49.3 48.7 46.3 42.0 43.4 47.7 49.3 49.7 49.7 49.5 49.1 48.3 45.1 41.5 41.6 40.7 38.1 37.4 36.4 34.7 34.9 39.0 43.0 44.8 45.7 46.3 45.9 45.4 45.6 45.5 45.1 44.7 44.2 43.6 42.8 42.0 41.1 39.7 37.6 36.3 35.9 34.7
50.6 50.6 50.5 50.4 50.3 50.2 50.1 49.9 49.6 49.4 48.8 44.6 39.9 44.1 48.7 49.5 49.8 49.8 49.6 49.4 48.8 46.8 44.7 44.4 43.2 41.4 40.0 38.6 37.3 38.0 41.8 44.6 45.6 46.3 46.5 46.2 46.1 46.4 46.3 45.9 45.3 44.7 44.0 43.2 42.3 41.3 39.6 37.6 36.2 35.8 35.2
50.6 50.5 50.4 50.3 50.2 50.1 50.0 49.8 49.6 49.4 48.9 44.0 39.0 44.2 49.0 49.8 50.1 49.9 49.7 49.5 48.9 45.2 41.4 43.1 45.0 44.5 43.2 41.8 39.8 40.0 43.4 45.4 46.2 46.8 46.7 46.5 46.8 47.1 47.0 46.6 46.0 45.3 44.5 43.7 42.7 41.6 40.2 38.2 36.3 35.7 35.6
50.5 50.4 50.3 50.3 50.2 50.0 49.9 49.7 49.6 49.4 49.1 46.4 44.0 46.6 49.2 49.9 50.1 50.0 49.8 49.7 48.6 43.5 38.7 42.5 46.1 45.6 44.6 43.8 40.8 39.9 43.8 46.1 46.8 47.1 47.1 47.2 47.4 47.6 47.7 47.4 46.7 45.9 45.1 44.2 43.2 42.1 40.9 39.0 36.9 36.0 35.6
