---
Sfc. Heating [W/m~S~2~N~] Valid 1200 PST ~Z75~(2000Z)~Z~ FRI 19 May 2017 ~Z75~[20hrFcst@1453z]~Z~
Model= RASP Region= PANOCHE Grid= w2 Reskm= 1.3 Indexs= 1 69 1 63 Proj= lambert 1333 1333 40.0000 40.0000 -73.0000 36.8890 -121.0672
Day= 2017 5 19 FRI ValidLST= 1200 PST ValidZ= 2000 Fcst= 20.0 Init= 12 Param= sfcshf Unit= W/m2 Mult= 1 Min= 8 Max= 461
334 261 217 223 229 235 240 244 247 247 247 247 297 298 299 301 305 309 313 317 321 325 330 335 340 340 336 336 341 344 344 344 341 369 365 358 357 355 285 362 265 325 329 330 309 329 321 289 250 270 267 335 259 255 318 266 326 367 368 258 327 256 258 258 257 367 400 290 395
259 205 210 225 232 238 244 248 251 251 251 300 299 299 300 302 305 308 312 317 322 326 331 335 338 338 335 336 340 343 343 342 339 335 331 287 286 251 286 306 315 324 329 331 332 329 380 289 286 268 264 261 326 281 252 267 283 258 258 256 270 255 257 257 256 282 281 406 461
339 343 271 227 234 241 248 252 241 255 254 252 301 300 300 302 303 306 311 317 323 329 333 337 338 337 336 338 423 425 302 339 336 332 329 287 287 287 254 307 312 321 327 330 331 329 324 290 229 265 261 327 324 255 255 325 326 328 271 324 253 254 255 329 280 281 314 290 318
340 345 214 279 236 244 251 242 244 244 257 254 302 300 300 301 304 305 310 318 326 334 338 340 340 336 337 339 421 375 300 334 290 289 286 288 289 262 261 312 312 316 323 327 330 329 325 289 229 263 260 327 326 325 258 257 323 257 324 277 278 277 256 280 312 314 284 289 415
338 217 188 230 238 246 253 244 245 245 245 304 302 300 300 303 308 305 310 320 328 338 342 343 342 335 339 341 422 339 338 331 285 288 285 290 290 266 319 322 322 322 329 331 332 332 326 291 229 332 330 261 258 280 281 255 322 259 253 250 279 276 254 368 310 369 374 381 416
260 267 223 231 239 247 254 244 245 246 245 255 302 299 301 302 298 303 315 323 333 342 342 345 337 339 342 341 339 338 332 328 284 286 284 259 261 267 322 326 329 328 329 334 334 333 330 257 285 224 259 327 257 279 253 255 256 259 251 276 276 275 253 276 312 368 375 382 298
264 226 224 232 240 200 254 257 244 244 242 241 299 299 298 294 298 306 315 323 335 341 343 341 338 341 341 300 296 332 327 285 281 284 283 288 291 322 325 327 328 330 330 333 336 332 330 324 230 223 273 259 280 254 253 254 358 255 249 276 279 276 301 275 308 366 285 327 386
179 228 226 234 242 201 254 255 324 299 200 239 299 297 292 295 298 306 314 323 332 338 345 342 343 344 342 298 293 290 285 282 277 283 284 287 293 325 327 307 333 332 332 330 333 333 329 324 251 225 272 323 323 254 360 253 249 249 316 368 251 357 313 316 277 278 281 285 290
178 231 229 237 244 249 253 254 252 238 298 235 298 290 296 296 301 306 313 320 326 337 346 345 349 348 303 295 289 289 287 286 273 284 287 288 294 327 305 327 329 333 332 327 327 334 329 321 316 226 262 326 256 256 269 267 247 249 395 253 245 361 283 283 283 275 277 280 371
226 224 232 240 246 251 254 256 255 252 372 292 288 295 298 298 301 306 313 318 329 338 345 345 351 308 301 292 288 293 294 292 274 255 269 291 294 323 302 302 328 332 333 381 383 335 330 372 366 263 326 326 323 255 255 255 248 249 251 253 249 280 275 278 357 273 275 364 371
226 225 233 241 248 253 256 258 257 254 372 288 284 299 296 295 296 301 302 314 326 340 348 344 305 299 241 291 292 297 298 293 281 294 306 293 291 289 294 297 324 328 330 330 332 331 325 317 225 262 258 258 257 254 360 255 354 248 387 250 422 273 23 271 350 274 359 364 284
218 226 234 243 250 255 259 259 258 256 245 286 297 299 295 292 296 302 302 314 326 341 354 351 303 294 288 289 295 301 300 293 293 311 316 297 289 325 326 294 300 323 324 324 324 320 366 362 261 258 322 362 257 358 255 254 250 246 245 346 432 294 266 267 357 394 277 280 284
218 226 235 244 252 257 261 261 261 252 247 257 307 302 294 291 304 312 314 320 324 337 352 353 303 291 287 287 294 303 307 305 309 314 317 297 288 284 324 327 297 320 319 318 316 312 361 241 259 256 319 320 255 252 252 251 392 353 246 274 351 352 277 269 290 291 275 279 283
219 227 236 245 253 259 263 265 262 251 256 253 305 302 293 290 306 315 321 318 318 331 342 341 293 287 287 291 298 305 314 314 313 247 255 300 293 296 291 325 291 292 313 312 310 308 282 281 281 278 319 318 253 249 354 250 314 349 392 266 267 344 298 342 270 289 290 275 255
228 228 237 247 255 261 265 267 262 253 255 254 251 297 289 289 300 310 319 313 311 322 330 285 282 282 288 298 307 310 311 311 316 305 299 292 285 276 293 288 322 322 284 281 322 280 277 320 276 319 253 316 252 273 251 250 314 311 282 266 266 269 265 349 275 271 352 272 251
228 229 238 247 256 262 267 267 262 256 259 255 302 295 288 291 302 314 315 306 304 313 277 277 280 284 288 296 308 308 305 306 315 314 308 284 290 285 298 293 290 287 284 279 319 321 321 320 318 316 250 314 251 250 249 250 249 247 423 266 263 340 345 347 271 270 350 350 248
220 229 238 247 256 262 268 268 262 259 261 256 301 293 228 295 309 256 247 299 300 246 269 272 283 290 289 292 299 302 302 304 315 301 296 286 280 288 256 295 289 288 287 282 321 323 322 320 319 318 252 250 250 314 313 247 310 309 265 282 292 295 344 346 272 269 247 247 247
220 228 237 247 255 262 268 268 262 258 263 258 302 291 284 294 307 249 302 295 299 308 311 273 283 293 292 290 293 298 301 308 316 298 293 288 281 264 246 255 288 284 285 243 240 270 270 268 268 280 252 275 270 274 271 247 311 312 262 292 340 345 386 348 272 268 246 247 262
220 228 237 246 255 261 267 269 263 258 266 264 254 289 282 290 299 303 297 294 301 314 283 282 283 288 290 290 292 297 300 307 316 300 296 287 277 286 289 262 300 251 244 243 243 272 272 270 268 280 314 312 350 272 270 267 246 244 288 338 265 265 309 310 267 245 245 245 366
221 228 237 246 254 261 267 269 268 264 272 264 248 285 280 287 296 298 294 295 304 319 289 290 285 284 288 290 294 298 298 306 313 249 245 285 276 292 306 299 288 256 247 243 269 271 275 273 321 278 314 247 350 268 269 268 262 336 260 262 264 264 241 244 241 243 243 244 245
221 229 237 245 252 259 265 268 269 268 272 257 241 224 277 286 295 296 292 294 262 274 281 286 288 287 287 290 298 300 300 307 257 246 243 285 283 300 304 295 287 254 276 274 270 267 273 273 268 316 248 339 271 272 268 267 261 264 334 262 245 243 302 241 238 241 241 277 243
222 229 236 244 251 257 261 264 262 264 264 249 192 223 275 283 292 292 288 289 253 262 267 273 283 285 283 286 295 302 300 303 289 287 287 286 293 296 289 281 279 279 278 274 271 270 268 269 240 235 312 308 309 264 265 260 263 263 332 263 244 241 299 251 307 240 304 241 242
222 229 236 243 250 256 258 260 255 254 251 242 235 183 273 280 287 285 284 287 289 257 265 268 274 279 256 284 288 242 295 297 240 279 281 297 302 290 279 276 252 253 250 273 268 268 269 266 240 239 251 309 269 267 263 259 333 260 258 256 238 236 299 303 240 238 239 240 241
271 229 236 244 250 255 257 259 251 249 245 236 185 179 272 278 281 280 284 291 255 262 268 268 272 281 287 239 215 233 286 287 259 266 273 302 298 287 279 277 275 248 245 268 320 266 268 267 267 266 278 360 248 267 268 264 333 284 282 281 234 235 299 236 235 236 238 239 239
222 229 237 244 250 256 257 259 250 249 243 231 181 215 272 275 277 279 287 295 260 265 267 266 270 281 291 293 261 256 279 249 267 280 286 290 282 277 273 271 268 318 265 318 318 320 270 268 266 264 248 390 265 242 264 262 259 260 280 285 282 251 235 234 236 236 236 238 239
222 229 237 245 251 256 257 258 247 244 233 223 176 214 215 272 274 279 290 299 266 269 268 265 267 274 282 291 290 260 252 243 264 275 277 275 270 265 263 262 314 314 316 264 265 268 270 266 264 261 307 263 263 335 336 257 285 286 278 278 253 233 231 249 236 235 237 239 240
218 230 238 246 251 254 254 253 238 231 220 215 300 213 268 268 271 279 291 301 268 270 267 263 268 271 274 285 292 289 277 241 259 267 271 267 267 263 260 259 311 312 238 236 236 237 266 263 260 257 243 260 261 261 261 324 283 281 278 254 253 249 296 235 233 236 238 239 255
220 231 238 246 251 252 250 249 232 225 219 214 301 268 212 265 289 277 289 296 258 261 265 304 269 275 276 284 291 291 279 240 255 263 268 267 267 248 261 237 255 257 237 236 233 235 236 232 256 303 242 240 259 238 258 253 253 277 276 256 253 332 236 235 236 237 303 240 242
223 229 239 246 249 249 246 247 232 226 221 295 302 266 264 265 287 274 284 288 288 293 263 306 268 276 281 288 290 286 275 263 239 247 254 268 265 245 239 278 275 308 235 235 229 230 232 229 253 300 241 240 238 238 258 256 252 279 279 281 253 258 234 236 237 238 240 241 243
225 231 239 275 276 245 273 245 234 222 215 291 297 262 262 265 267 272 279 280 282 290 261 305 264 268 276 288 291 281 265 233 235 242 248 264 261 238 236 275 274 276 257 231 253 252 253 251 250 299 301 239 236 238 237 328 257 259 280 255 256 258 302 239 238 239 241 242 244
228 233 269 310 274 271 194 194 230 212 210 289 292 258 261 265 285 270 274 275 279 290 302 303 302 264 271 284 295 285 236 233 235 251 255 261 261 260 236 230 301 251 229 252 250 300 300 298 297 296 297 236 235 236 254 321 327 258 256 258 255 239 238 239 239 241 242 244 245
230 235 238 272 243 270 192 231 181 206 165 291 291 257 258 261 282 267 270 271 276 289 303 305 244 219 272 284 300 242 264 261 237 236 241 261 264 242 257 250 246 246 249 249 248 298 296 245 244 294 295 233 234 234 250 250 253 255 252 257 255 236 355 242 240 242 243 245 246
231 235 238 241 241 239 236 258 180 209 278 291 290 255 255 275 260 266 268 269 274 287 302 268 264 301 267 283 250 292 262 231 235 233 237 257 261 240 231 244 293 295 249 249 246 219 218 292 259 291 233 234 254 252 230 234 235 236 254 256 255 239 240 242 368 243 245 246 247
231 235 238 269 269 237 264 258 223 211 279 285 286 251 252 272 259 265 284 265 272 287 301 267 264 300 262 279 296 286 261 246 258 247 249 255 255 234 225 236 291 244 248 247 217 241 242 258 289 288 292 235 234 234 229 293 234 297 255 260 301 238 239 240 245 245 246 247 248
232 235 268 271 239 237 261 226 220 284 214 280 281 248 268 271 258 262 280 280 269 285 300 270 269 300 300 278 244 283 264 256 262 253 250 255 251 232 221 280 255 242 244 242 238 238 285 285 289 288 291 232 234 234 290 230 232 232 253 257 302 239 240 242 244 368 370 249 250
232 265 238 195 267 263 230 223 213 278 211 215 245 244 265 269 255 258 258 277 266 281 262 277 277 268 303 278 293 283 268 272 268 251 246 249 248 225 236 256 276 237 241 240 284 283 287 230 285 288 292 291 233 343 230 230 232 296 234 256 257 239 240 242 245 246 247 250 411
233 236 192 308 263 261 186 223 287 276 210 210 240 260 263 265 269 254 274 276 265 242 262 276 280 277 271 278 292 286 283 278 267 240 235 240 242 235 233 284 259 258 240 286 266 286 286 285 285 289 292 231 232 228 296 230 250 232 297 259 258 240 241 243 246 262 291 253 257
234 235 267 269 268 258 226 220 284 276 269 268 237 257 261 262 265 250 253 257 265 240 255 270 278 284 282 281 284 281 276 271 262 248 235 242 249 284 284 266 288 288 270 286 288 286 287 283 283 287 288 252 230 293 329 328 326 326 337 238 307 255 351 256 247 247 250 254 260
234 235 236 238 237 227 222 287 277 211 267 234 235 237 205 259 208 264 267 271 262 272 244 261 277 286 290 285 274 264 258 257 254 245 239 240 245 246 266 267 285 293 289 286 287 284 284 283 289 288 288 253 249 295 293 373 338 338 336 304 241 241 271 262 246 271 266 301 261
234 234 234 235 233 228 214 278 270 263 262 232 233 188 190 208 205 259 262 266 256 267 276 254 268 277 287 283 268 259 257 256 252 240 239 246 245 248 270 267 273 292 290 285 283 280 281 261 263 288 288 323 322 295 297 336 337 334 344 349 266 271 245 399 375 249 268 256 307
233 232 231 231 229 296 277 270 206 331 330 262 233 186 188 209 266 255 259 263 253 230 243 250 255 264 276 315 272 273 274 271 262 248 243 240 240 240 270 273 277 278 290 264 283 278 278 284 285 286 287 291 291 291 298 340 304 339 260 264 242 244 322 249 256 253 255 274 261
217 214 227 226 294 289 212 208 184 227 227 231 231 231 186 206 264 252 256 260 250 262 237 242 282 293 302 267 273 282 287 282 269 253 243 238 233 243 269 272 271 285 258 254 253 256 256 282 284 285 286 292 291 322 296 295 332 339 263 267 238 241 318 246 224 227 256 260 287
215 211 293 291 288 284 247 294 289 224 226 228 230 230 230 260 262 251 253 257 246 256 229 233 239 249 255 257 263 269 276 275 262 246 242 240 231 231 280 278 272 8 13 248 251 271 253 281 282 284 286 290 288 251 232 230 330 258 260 265 265 244 248 278 225 227 258 343 289
214 209 290 287 284 250 194 229 226 226 256 257 258 229 229 259 260 263 252 254 260 253 224 228 235 243 247 251 254 254 258 261 253 241 241 239 225 240 26 19 9 14 240 263 266 248 275 278 281 223 285 287 287 324 253 250 254 258 260 263 264 244 277 277 226 229 259 288 294
213 208 288 284 282 248 243 226 253 255 257 256 256 228 257 258 259 205 234 252 240 264 218 224 233 241 244 246 277 246 246 248 243 238 242 237 219 233 23 20 16 18 236 244 264 245 273 275 280 222 282 224 287 286 230 293 252 255 259 289 292 245 280 281 289 228 344 227 302
212 293 287 284 281 247 244 241 253 257 259 256 254 255 256 258 259 260 232 251 239 245 215 223 233 239 244 242 267 240 240 239 235 236 241 239 218 287 24 16 14 261 240 245 241 266 271 273 277 220 279 224 288 223 291 293 278 252 284 290 267 248 282 291 284 229 289 229 235
213 292 287 284 281 248 233 257 255 259 261 256 253 254 256 258 229 230 232 232 238 210 217 226 232 235 244 246 265 234 236 237 237 238 238 196 183 209 274 21 18 243 262 246 244 266 270 272 218 238 221 284 283 288 289 325 280 282 259 289 267 220 222 381 288 340 290 230 304
213 207 288 316 267 239 235 260 259 264 262 255 253 255 256 257 257 230 232 235 237 209 221 229 228 230 246 280 264 229 234 239 242 240 235 227 223 248 260 260 259 244 264 263 262 266 267 269 273 219 240 222 220 286 224 287 274 281 282 287 265 218 279 283 289 341 225 230 233
269 204 276 309 271 268 265 263 265 265 260 254 199 201 257 257 257 230 234 36 241 209 219 225 49 229 242 272 257 227 234 238 241 241 233 224 220 217 213 217 222 256 262 260 259 261 267 269 273 276 279 242 285 288 290 254 248 278 284 266 268 274 280 284 239 341 267 230 234
210 281 278 277 212 248 246 270 267 261 256 325 253 255 256 256 257 231 239 41 40 38 249 253 218 50 230 228 223 224 231 236 238 240 235 227 224 224 221 220 221 219 257 260 258 261 262 267 271 217 217 217 237 241 289 327 324 279 256 260 266 275 280 287 288 345 352 298 306
210 282 218 218 44 56 257 249 207 262 201 202 257 256 256 255 38 40 39 46 51 49 52 220 225 247 241 218 220 225 235 239 240 240 239 235 230 227 221 222 218 217 251 254 255 258 265 266 268 214 215 236 238 243 288 246 326 255 262 261 266 274 279 285 289 301 354 213 250
209 221 219 221 48 59 258 216 209 262 201 255 254 254 253 191 192 36 43 52 224 216 218 226 235 254 217 220 222 224 233 240 241 241 240 239 238 232 225 224 215 219 256 257 255 261 259 258 264 267 271 216 239 245 225 288 328 251 256 260 269 362 279 286 292 352 209 215 222
258 206 220 42 56 65 262 219 212 266 255 254 253 252 189 193 197 40 221 225 220 220 225 230 231 224 220 247 222 219 224 232 236 238 239 240 241 239 225 226 218 220 257 254 252 260 259 257 263 267 270 214 277 242 241 290 253 326 255 260 216 370 282 226 297 205 210 216 222
256 220 221 225 52 64 73 80 221 243 263 328 251 251 190 195 42 55 225 224 222 249 255 230 227 222 245 248 226 225 224 226 230 233 235 237 234 232 224 221 221 222 253 251 253 257 259 263 248 265 267 270 277 221 241 289 293 337 257 263 218 217 279 290 299 203 209 216 223
206 220 221 256 49 62 72 227 215 239 230 198 198 188 191 230 42 215 218 221 248 251 229 229 227 226 245 219 227 228 226 226 230 232 234 234 232 228 224 220 223 221 218 250 252 255 257 261 209 210 211 213 274 218 221 245 290 336 341 342 213 215 285 296 202 203 209 215 221
256 221 252 295 48 258 251 243 232 230 180 191 193 184 190 230 204 211 247 242 246 249 252 252 252 250 220 216 222 226 226 227 230 232 233 233 231 230 222 222 222 220 219 251 221 254 255 259 260 262 211 213 273 218 243 243 222 227 259 265 271 279 289 198 204 165 211 216 220
249 222 291 296 49 259 250 240 228 227 225 149 182 149 188 229 203 209 237 241 245 249 225 226 226 224 221 217 215 223 225 226 228 230 230 230 228 226 216 220 218 219 219 218 219 251 252 257 257 259 262 266 271 216 217 220 224 227 251 271 278 284 191 196 161 167 172 260 223
222 223 293 296 292 286 276 206 198 220 204 178 179 148 185 225 200 206 236 241 246 250 252 225 224 222 219 216 211 219 224 225 226 227 227 226 223 221 213 215 218 219 208 206 207 207 249 255 257 259 261 264 268 215 217 219 244 228 341 269 275 280 189 155 158 226 232 236 177
253 293 255 295 290 247 238 203 226 184 178 178 227 181 185 223 199 231 237 242 247 250 251 223 222 220 217 213 209 213 219 221 223 224 223 222 220 215 211 213 216 217 217 206 204 205 206 253 255 257 259 263 296 303 219 313 289 296 338 214 219 224 156 217 220 163 228 172 174
222 293 293 291 286 242 207 198 221 182 177 177 230 176 182 221 198 230 237 243 247 250 224 223 221 218 215 212 210 210 213 215 217 218 218 217 214 211 211 213 215 216 205 204 201 202 249 251 207 210 259 263 267 301 308 284 289 229 232 212 273 151 154 218 219 220 164 168 171
219 290 290 287 280 236 226 192 213 178 175 175 175 173 180 220 197 205 239 245 249 250 223 222 220 217 214 211 209 209 210 211 212 212 213 212 209 208 173 213 215 216 206 204 201 200 200 200 202 206 257 262 293 296 271 276 282 225 231 213 273 210 211 213 216 159 162 165 170
283 288 250 283 276 231 220 211 182 178 175 175 174 176 209 220 197 206 213 181 284 222 222 221 219 216 213 210 208 207 207 208 208 208 208 207 205 205 209 213 215 216 206 204 201 198 197 197 198 203 257 262 293 295 213 275 220 224 230 304 271 271 208 153 155 159 161 203 168
281 287 286 277 271 262 216 185 181 178 176 176 174 176 210 221 232 232 240 218 283 283 182 219 217 215 213 210 207 205 205 205 204 204 204 204 203 204 208 212 214 215 205 203 200 195 195 195 196 201 256 263 211 267 231 215 218 222 229 236 241 217 208 209 155 158 160 163 167
