---
Sfc. Heating [W/m~S~2~N~] Valid 1000 PST ~Z75~(1800Z)~Z~ FRI 19 May 2017 ~Z75~[18hrFcst@1433z]~Z~
Model= RASP Region= PANOCHE Grid= d2 Reskm= 4.0 Indexs= 1 51 1 69 Proj= lambert 4000 4000 40.0000 40.0000 -73.0000 36.6487 -121.0445
Day= 2017 5 19 FRI ValidLST= 1000 PST ValidZ= 1800 Fcst= 18.0 Init= 12 Param= sfcshf Unit= W/m2 Mult= 1 Min= -16 Max= 384
-6 -5 -5 -3 -2 -2 -2 -2 -4 -10 154 242 246 230 236 218 181 183 222 181 237 189 237 238 238 250 263 227 237 235 250 265 270 276 278 282 348 318 327 326 354 363 348 335 329 327 350 249 235 244 281
-7 -6 -5 -4 -2 -2 -3 -3 -5 -10 -16 252 251 233 220 220 222 223 222 180 236 236 237 179 241 250 264 276 239 249 263 263 306 273 276 283 285 342 327 327 355 355 363 338 330 326 326 221 231 242 280
-8 -7 -6 -5 -3 -2 -2 -3 -5 -10 -15 259 254 235 212 224 223 223 183 222 238 239 183 186 231 252 266 278 242 252 264 263 274 273 286 282 268 278 363 327 356 355 349 340 333 329 325 240 228 238 249
-8 -8 -7 -5 -4 -4 -3 -4 -6 -9 -12 293 254 235 230 229 187 186 187 246 245 188 247 250 254 256 268 281 292 257 268 264 273 271 284 280 284 278 357 356 371 367 347 342 337 332 206 211 223 236 249
-9 -9 -7 -6 -6 -5 -3 -3 -4 -6 296 255 252 234 210 229 227 188 190 194 254 253 252 255 259 264 271 287 298 261 270 324 274 279 283 281 283 331 359 358 358 354 351 359 340 352 229 212 223 235 276
-9 -9 -8 -7 -7 -5 -2 -3 -4 305 261 256 253 246 219 218 228 227 190 194 200 260 260 262 267 270 258 348 280 264 261 322 273 279 269 282 283 334 360 358 360 364 384 346 344 340 236 239 224 236 275
-10 -10 -9 -7 -7 -5 -2 -3 -4 271 278 278 255 245 220 220 221 228 190 196 260 263 266 269 275 276 262 289 281 296 278 269 277 282 279 283 284 334 363 360 359 356 353 351 354 383 216 220 226 237 247
-11 -11 -9 -8 -7 -5 -2 -3 234 279 279 283 259 224 222 222 229 230 227 193 261 267 271 274 281 281 281 230 291 306 287 347 278 276 279 283 290 259 357 358 356 353 353 351 351 240 219 225 228 238 248
-11 -11 -10 -8 -6 -3 -2 -3 -2 283 282 287 235 242 244 228 231 248 245 250 262 270 274 279 285 284 283 280 309 346 283 270 280 274 275 277 283 253 297 291 350 350 352 223 224 224 249 230 233 268 250
-10 -11 -10 -8 -5 -3 -3 -4 -4 284 285 270 250 229 232 235 252 252 250 254 266 273 278 285 291 287 272 297 343 279 300 282 272 263 267 261 258 246 301 285 282 347 347 355 225 226 254 234 263 245 281
-10 -11 -11 -8 -3 -2 -4 -4 214 289 271 292 249 226 224 231 233 192 229 255 266 274 282 292 296 293 281 310 331 294 291 263 257 259 262 253 247 258 237 279 276 276 348 347 230 254 258 246 242 250 287
-10 -11 -11 -5 -2 -2 -5 -5 210 295 278 262 255 221 218 222 226 246 244 253 265 278 287 297 300 298 293 322 326 280 256 252 239 238 241 243 238 237 233 274 271 297 338 342 366 252 234 240 246 255 292
-10 -12 -11 -5 -2 -3 -5 209 273 283 250 234 230 216 221 225 230 202 227 253 268 280 290 293 232 284 317 306 322 260 243 230 229 240 244 233 245 232 231 226 265 264 267 332 240 224 233 241 247 258 268
-10 -12 -11 -5 -3 -4 -5 209 322 262 260 230 222 218 238 225 201 203 250 255 269 279 283 283 224 289 308 307 306 249 238 222 219 234 237 224 275 239 355 224 261 260 264 320 238 245 256 266 247 254 279
-9 -12 -10 -5 -3 -4 -4 284 293 263 257 256 224 218 239 224 201 201 245 252 264 276 281 280 266 285 299 290 294 241 235 230 213 232 277 219 215 253 249 285 290 344 257 214 237 243 253 256 230 229 225
-9 -12 -9 -5 -3 -4 -2 286 303 264 253 232 223 219 221 220 229 234 231 245 256 271 279 282 268 281 294 277 291 246 236 227 228 232 230 253 209 245 243 270 272 241 282 230 234 216 238 237 214 211 225
-9 -12 -8 -5 -3 -4 -1 288 229 203 178 228 221 219 181 226 237 235 228 238 250 265 273 278 269 299 289 282 289 300 239 220 229 229 227 264 242 237 236 296 263 238 274 246 209 210 209 207 203 198 191
-9 -12 -7 -4 -3 -4 -1 259 212 176 178 221 217 231 179 231 238 231 227 235 246 259 265 272 269 295 285 286 279 291 284 287 296 298 227 257 235 232 232 254 263 272 274 204 205 204 203 199 194 187 179
-8 -11 -6 -4 -4 -6 -4 234 214 178 229 217 214 183 187 234 231 231 223 232 242 255 261 254 268 270 267 284 274 277 277 292 300 301 229 251 230 251 255 257 264 273 275 206 204 201 198 192 186 178 168
-7 -11 -6 -4 -4 -3 202 266 212 178 228 212 230 183 222 234 224 199 201 230 241 251 257 251 264 266 287 279 263 270 266 266 277 305 266 237 230 251 255 258 265 276 245 224 203 199 194 187 179 170 159
-7 -11 -6 -4 -4 -3 235 264 268 202 178 210 211 183 225 228 226 192 209 230 241 247 253 247 259 264 215 277 271 335 283 277 314 243 246 235 230 262 255 261 268 278 252 210 205 199 207 197 185 173 160
-6 -10 -6 -4 -4 -3 -5 266 302 203 181 211 212 216 225 219 195 176 170 231 240 245 235 244 257 264 213 262 336 335 304 289 301 217 244 237 233 233 235 263 271 246 216 233 225 200 191 181 180 167 174
-5 -10 -6 -4 -5 -5 -2 263 266 224 225 182 215 220 223 214 192 173 170 232 240 243 231 241 257 269 263 333 339 308 293 307 298 215 270 241 236 237 267 267 243 251 219 220 211 203 193 181 178 184 140
-5 -9 -6 -4 -6 -6 -1 233 241 222 194 192 216 187 219 220 186 191 221 230 238 241 228 243 265 270 261 341 359 313 300 304 303 222 233 244 238 260 263 272 247 253 223 229 217 223 195 194 177 160 145
-4 -9 -6 -4 -6 -7 -4 237 223 179 186 216 221 186 223 222 181 260 217 226 180 226 230 247 268 266 260 266 280 309 295 296 312 229 275 243 237 261 266 274 288 219 246 253 226 212 199 184 180 188 158
-4 -8 -6 -5 -5 -3 223 273 230 169 213 258 259 242 221 219 183 234 217 173 221 229 235 247 232 264 258 257 267 293 291 299 313 228 274 242 262 266 269 277 291 255 247 233 257 220 207 194 194 182 174
-4 -8 -6 -5 -5 -1 222 250 252 227 220 274 192 223 213 217 186 200 219 177 226 231 235 242 225 232 261 253 256 285 292 304 230 280 249 238 321 357 275 283 257 243 230 235 242 228 216 204 193 196 188
-3 -8 -7 -5 -6 -2 249 245 243 232 227 183 200 220 212 229 182 200 220 217 225 229 234 241 253 266 261 255 281 290 296 300 239 269 246 241 252 271 278 290 239 242 248 255 261 235 224 228 202 208 200
-3 -8 -7 -6 -7 -4 223 242 222 215 186 180 213 213 216 190 182 255 166 178 223 227 236 244 255 267 258 283 287 289 294 294 231 264 245 262 245 272 278 287 220 240 226 231 237 263 250 236 226 218 211
-3 -8 -9 -6 -7 -4 245 262 247 161 155 207 197 209 221 160 177 194 169 180 224 226 235 246 256 265 256 262 228 278 288 295 215 263 263 243 245 244 272 282 218 220 224 250 257 264 256 244 234 228 222
-3 -9 -10 -6 -6 -2 249 264 252 225 249 189 200 180 194 185 252 196 176 184 192 228 232 245 258 261 258 261 217 264 289 304 220 246 241 272 244 241 292 331 218 219 224 248 254 261 261 231 243 237 233
-3 -10 -12 -7 -5 212 249 262 252 245 260 238 172 187 200 277 174 163 183 188 230 225 227 248 264 255 224 218 208 263 279 305 224 248 241 239 238 261 286 297 215 235 241 246 252 259 266 257 251 247 244
-3 -11 -14 -8 -5 213 248 255 251 263 271 244 179 174 203 269 192 168 185 192 225 219 224 249 264 227 217 208 212 252 286 297 283 249 239 236 235 257 261 243 212 232 221 244 230 258 266 263 259 236 289
-3 -11 -15 -9 238 233 246 250 251 233 262 188 184 200 182 259 162 171 188 192 186 222 225 246 260 228 221 212 227 263 288 291 255 246 238 232 286 255 257 242 210 230 220 243 249 257 264 268 243 242 299
-3 -11 -13 -9 179 205 244 248 251 251 169 167 180 195 172 171 160 171 191 197 189 219 220 237 220 223 227 227 222 271 261 261 260 240 234 231 250 251 254 240 209 228 235 223 247 255 262 271 270 269 304
-3 -10 -12 -8 245 228 239 242 238 146 156 159 175 190 187 246 151 171 193 200 183 219 222 232 209 217 225 233 217 234 224 215 213 237 252 248 249 229 230 235 242 227 233 222 227 253 239 269 270 267 302
-3 -8 -9 -6 -4 228 236 239 233 163 188 159 173 188 185 191 152 170 190 198 187 221 219 225 205 214 221 229 219 222 222 216 214 250 250 247 228 226 228 232 237 224 215 237 245 250 237 264 267 264 298
-3 -7 -7 -4 -1 224 231 235 177 197 193 164 166 178 174 194 155 169 187 191 184 214 211 190 202 212 196 210 216 221 217 211 211 236 248 244 226 224 226 229 234 222 214 220 243 229 235 260 264 261 348
-3 -6 -5 -3 -1 214 228 231 173 156 143 148 170 176 173 154 152 171 187 182 177 206 206 189 199 209 213 199 206 223 217 210 206 232 245 240 240 222 223 229 235 224 215 221 243 228 233 256 305 304 347
-3 -5 -4 -3 -3 -2 170 152 203 197 159 149 170 181 240 155 155 171 211 161 233 202 203 216 226 207 211 181 200 216 203 198 241 228 240 237 239 224 227 232 237 226 217 222 243 247 253 299 265 267 291
-3 -4 -3 -3 -2 -1 214 205 200 199 164 163 167 172 147 160 161 173 177 169 230 201 201 211 194 208 208 182 200 201 199 194 235 222 220 238 260 226 230 236 241 229 236 242 227 229 297 297 338 264 345
-3 -3 -3 -2 -1 -1 -1 247 236 188 211 144 176 239 140 161 165 197 196 169 228 214 197 208 196 209 204 208 198 232 193 191 231 220 219 221 224 229 234 241 245 233 220 243 246 251 298 296 296 262 344
-2 -2 -2 -2 -1 0 -1 277 195 -1 236 182 188 181 207 157 167 172 172 224 221 206 207 204 197 210 207 206 203 237 223 229 233 232 232 260 226 231 238 245 214 236 223 227 231 300 299 296 260 259 284
-1 -1 -1 -1 -1 0 0 0 -1 -2 -1 270 240 273 224 151 153 167 218 190 185 166 199 212 190 204 206 198 200 239 236 242 228 230 231 260 228 234 241 230 241 224 227 252 303 255 300 261 259 257 339
0 -1 -1 -1 -1 -1 0 -1 -1 -2 -2 -2 325 276 183 159 154 214 186 174 191 193 200 206 180 192 197 193 191 -2 225 234 221 225 230 240 249 261 208 236 248 230 183 186 185 257 266 262 259 257 338
-1 -1 -1 -1 -1 -1 -1 -1 -1 -2 -2 -2 0 280 196 166 154 210 203 184 187 193 186 195 176 183 185 183 175 198 222 213 217 208 229 239 250 225 229 220 183 177 192 194 193 264 270 265 261 254 272
-1 -1 -1 -1 -1 -1 -1 -1 -1 -1 -2 -2 -1 264 211 177 148 149 179 192 185 192 -7 -2 175 174 173 176 174 177 206 211 217 205 229 238 247 228 272 175 189 187 202 202 203 272 260 260 253 245 263
-1 -1 -1 -1 -1 -1 -1 -1 -1 -1 -2 -2 -2 1 233 166 188 150 -6 156 182 145 160 171 173 171 167 169 176 177 183 209 214 217 206 234 201 225 164 179 182 198 198 207 199 191 229 221 236 228 254
0 -1 -1 -1 -1 -1 -1 -1 -1 -1 -1 -2 -2 0 254 188 186 203 182 153 134 144 158 191 172 169 164 164 171 171 179 204 210 213 204 211 215 153 158 180 196 193 193 201 246 259 224 153 228 228 245
0 -1 -1 0 0 -1 -1 -1 -1 -1 -1 -2 -2 0 222 199 206 206 179 148 146 144 179 191 170 164 160 161 165 164 172 166 167 207 215 209 198 203 158 167 186 183 204 269 256 249 282 156 260 210 237
0 0 0 0 0 0 0 0 -1 -1 -2 -3 -2 -1 238 244 203 205 174 145 143 169 158 193 165 157 155 155 157 160 162 165 161 221 212 207 198 145 155 162 180 187 245 236 -3 224 230 229 211 203 229
-1 0 0 1 1 0 0 -1 -2 -1 -4 -6 -3 243 235 210 208 208 194 146 142 144 158 214 159 152 150 150 152 157 159 163 160 202 199 207 219 200 152 160 164 181 235 228 248 240 224 213 -13 196 222
-1 -1 0 1 0 0 -1 -2 -1 -3 258 226 225 238 220 213 218 212 173 147 141 144 156 191 158 151 149 149 154 161 162 169 169 208 201 225 217 199 152 213 171 242 246 222 218 232 219 208 198 188 215
-1 -1 0 1 0 -1 -1 -2 2 240 254 232 216 215 213 218 217 200 175 144 140 144 160 169 162 150 146 152 164 170 167 173 178 179 202 227 185 195 203 207 232 233 235 236 212 225 213 203 192 182 209
-1 -1 0 2 0 -1 -1 -3 -1 277 240 163 211 206 207 218 203 201 174 140 160 167 158 170 190 149 145 156 167 178 171 178 183 185 224 212 186 194 144 220 224 225 226 226 227 219 208 206 196 178 204
-1 0 1 1 0 -1 -1 -2 -2 263 236 224 212 199 192 198 197 174 146 136 157 141 154 172 168 150 147 156 167 178 182 183 188 191 253 215 200 193 215 216 200 219 220 219 221 220 204 202 192 208 201
-1 0 1 1 0 -1 -1 0 277 248 232 218 192 182 189 190 193 183 169 200 133 144 158 172 169 151 146 154 165 177 187 196 194 196 236 218 188 193 213 212 216 197 196 194 202 190 208 199 190 208 203
0 0 1 1 -1 -1 -1 -1 268 245 226 198 187 177 185 162 143 181 158 155 156 146 162 172 154 152 147 155 169 179 191 205 201 201 240 242 190 194 213 214 214 214 194 192 190 205 198 198 190 183 203
0 0 0 0 -1 -1 -1 -1 263 242 208 184 139 143 183 157 177 162 146 143 152 145 161 169 166 154 152 163 178 188 200 209 203 241 221 245 193 194 214 216 215 213 208 203 185 200 203 196 189 208 203
0 0 0 0 0 -1 -1 -1 263 234 173 144 135 144 176 163 161 148 142 139 147 146 161 166 165 157 160 173 187 198 205 199 238 268 272 254 196 196 197 212 208 203 200 180 179 178 200 193 188 208 202
-1 0 0 0 0 -1 -1 -1 234 200 172 152 140 146 155 170 149 142 138 137 147 148 158 163 165 162 166 178 189 199 205 198 236 269 277 263 198 190 187 199 196 193 190 174 173 188 189 191 211 207 202
-1 0 0 0 0 -1 -1 -1 235 199 169 154 143 147 153 154 140 132 180 135 146 145 152 159 164 168 173 180 190 199 197 198 237 270 245 204 184 179 189 186 184 182 168 167 167 189 192 187 209 205 160
-1 0 0 0 0 -1 -1 226 232 201 172 154 146 149 107 139 127 165 168 190 164 141 140 154 161 170 176 183 191 197 194 229 253 228 228 176 172 180 177 175 174 161 160 160 175 222 184 183 179 201 201
0 0 0 0 0 0 -1 -1 195 202 171 156 172 151 134 133 117 177 -5 185 190 135 144 148 156 165 173 181 185 240 208 216 237 234 215 175 170 167 154 163 213 214 154 154 211 171 176 177 173 196 197
0 0 0 0 0 -1 -2 -1 197 162 138 142 156 152 125 132 114 168 -3 178 183 130 138 143 151 160 169 175 227 230 172 232 208 220 203 154 151 148 154 153 197 198 188 186 163 164 168 170 168 192 193
0 0 0 0 0 -1 -2 -2 -4 174 146 171 166 157 140 148 120 149 162 168 122 129 134 140 146 153 161 168 218 219 225 218 199 148 144 141 139 135 142 186 184 186 189 193 152 153 157 161 163 186 187
0 0 0 -1 0 0 -1 -2 -3 -6 149 163 155 150 146 196 235 202 178 124 165 131 134 137 138 143 150 212 207 211 212 195 146 143 139 135 131 134 126 199 171 173 171 164 131 144 148 152 151 182 183
0 0 0 -1 -1 0 1 2 -4 -6 147 162 151 159 178 255 -1 -2 187 169 125 131 149 133 124 136 186 195 200 204 206 186 182 167 162 156 149 123 142 141 157 154 149 153 156 134 141 147 154 154 178
0 0 0 -2 -1 0 0 1 -5 -6 186 163 163 170 -5 -1 -1 -2 -4 132 118 129 128 129 173 177 183 148 198 201 203 182 183 149 184 138 133 127 124 139 142 145 125 128 154 134 137 145 151 152 176
