---
Sfc. Heating [W/m~S~2~N~] Valid 1300 PST ~Z75~(2100Z)~Z~ FRI 19 May 2017 ~Z75~[21hrFcst@1439z]~Z~
Model= RASP Region= PANOCHE Grid= d2 Reskm= 4.0 Indexs= 1 51 1 69 Proj= lambert 4000 4000 40.0000 40.0000 -73.0000 36.6487 -121.0445
Day= 2017 5 19 FRI ValidLST= 1300 PST ValidZ= 2100 Fcst= 21.0 Init= 12 Param= sfcshf Unit= W/m2 Mult= 1 Min= -22 Max= 480
-5 -5 -4 -3 -2 -2 -2 -4 -6 -12 225 310 321 306 318 298 255 258 302 255 313 257 311 311 311 326 345 310 328 326 328 333 347 359 361 362 435 399 409 411 444 449 430 423 420 415 439 305 275 284 337
-5 -5 -5 -4 -3 -2 -2 -4 -6 -12 -19 320 326 310 302 304 305 305 302 254 312 310 310 248 313 325 345 362 326 336 339 332 384 355 359 362 365 433 409 410 444 437 449 423 418 411 407 264 271 280 333
-6 -6 -5 -4 -3 -3 -3 -4 -7 -12 -17 330 330 313 292 310 309 307 258 299 312 311 252 255 306 327 346 362 325 334 337 332 346 352 363 363 340 362 455 410 445 438 432 424 417 409 401 293 267 277 290
-6 -6 -5 -4 -3 -3 -3 -5 -6 -10 -16 379 335 315 312 316 268 265 260 317 314 254 319 323 329 334 349 364 375 330 336 333 347 354 365 368 372 362 448 447 467 459 435 423 416 408 251 252 264 276 289
-7 -7 -6 -4 -4 -3 -2 -2 -3 -7 374 332 336 317 292 319 320 268 265 256 313 316 322 328 336 342 354 368 379 333 337 405 361 362 366 365 367 415 450 451 448 442 434 442 417 440 293 254 266 278 330
-7 -8 -6 -5 -4 -2 -1 -1 -3 377 332 335 338 337 310 307 320 317 260 250 253 320 327 334 345 353 345 443 365 338 328 419 360 360 339 364 370 420 456 455 449 457 467 431 423 428 299 296 269 281 334
-8 -8 -6 -5 -3 -2 -1 -1 -4 342 354 360 343 341 312 308 307 313 249 247 314 322 331 342 354 362 351 373 370 370 356 359 357 360 360 367 373 423 460 455 456 449 439 437 434 480 267 266 272 283 294
-9 -9 -7 -5 -3 -1 -1 -1 284 354 356 364 349 319 314 310 317 297 289 248 317 327 338 350 363 370 371 315 376 375 359 439 361 358 360 368 368 334 458 458 455 448 443 440 443 309 269 270 274 284 293
-10 -10 -8 -5 -2 -1 -1 0 -3 354 359 371 329 339 334 317 299 308 308 312 321 332 342 355 368 375 375 369 388 405 373 364 358 357 361 366 358 324 379 370 447 445 442 273 274 272 308 274 278 324 293
-10 -10 -8 -5 -2 -1 -1 -1 -3 354 362 356 353 311 310 305 306 305 306 313 325 336 345 360 374 382 363 382 416 366 378 353 347 350 356 327 318 314 386 359 353 438 437 431 276 274 310 276 319 289 337
-10 -10 -9 -5 -2 -1 -1 -2 272 365 349 393 343 303 300 291 282 240 287 314 326 336 349 365 381 386 374 392 409 366 357 347 342 335 345 313 305 331 299 348 346 340 431 433 272 312 313 365 285 293 342
-10 -11 -10 -4 -2 -1 -4 -5 269 374 363 363 331 294 293 284 279 305 303 313 325 338 354 370 385 389 381 402 404 343 337 336 302 301 303 300 297 295 290 343 336 368 417 427 455 312 277 281 288 297 347
-10 -12 -11 -5 -2 -3 -7 268 348 364 338 327 301 290 280 277 283 249 285 312 326 341 357 367 296 369 402 384 388 333 323 291 290 323 316 291 314 285 282 282 323 321 321 411 307 273 275 281 290 301 312
-10 -12 -11 -5 -4 -6 -8 266 409 344 357 317 298 286 292 279 246 251 309 311 326 341 350 357 285 364 394 373 368 317 312 278 278 317 309 288 342 301 431 268 311 311 311 397 302 309 314 324 296 305 344
-10 -12 -11 -6 -5 -8 -9 362 376 347 353 342 294 270 293 278 246 245 299 309 323 336 346 351 342 357 381 359 356 296 305 303 270 314 361 280 275 313 314 349 353 421 305 260 296 304 314 317 280 279 275
-10 -12 -11 -7 -6 -8 -8 365 389 347 349 307 280 264 271 275 279 281 289 307 318 331 343 349 340 352 369 356 356 300 303 297 301 309 294 310 264 303 300 331 335 294 344 283 291 261 294 296 261 258 282
-10 -12 -10 -7 -6 -8 -7 366 306 273 242 300 267 263 215 279 280 296 291 304 314 326 336 343 339 369 363 359 358 365 289 276 303 291 287 326 295 290 288 364 317 283 335 298 251 251 249 247 243 237 228
-9 -11 -9 -7 -5 -6 -5 336 279 244 237 279 261 276 214 276 293 299 287 302 310 321 329 337 338 363 359 353 355 355 341 350 359 365 284 316 282 277 278 311 319 327 334 247 245 244 239 234 227 219 209
-8 -11 -8 -6 -4 -3 -1 305 283 244 300 264 258 218 228 274 298 292 284 300 307 317 324 319 334 337 335 351 352 338 333 349 365 371 278 308 277 304 310 313 320 330 338 246 242 238 232 224 215 204 193
-8 -10 -7 -5 -3 -2 262 343 285 241 282 252 274 217 260 284 294 244 251 297 304 312 320 315 328 332 356 349 332 332 315 331 352 367 318 282 278 308 311 315 323 337 296 275 240 234 225 216 205 193 180
-7 -10 -6 -5 -3 -3 301 345 361 264 214 253 252 216 270 289 286 235 272 295 302 308 315 310 323 330 270 344 338 404 354 355 393 307 289 281 280 326 312 315 326 341 301 247 239 231 245 231 215 199 184
-6 -9 -5 -5 -3 -4 -4 348 402 263 216 255 254 260 276 284 238 208 222 292 300 305 298 307 321 331 261 313 398 428 388 352 376 277 287 282 281 281 281 320 333 295 258 282 271 232 221 207 207 190 209
-6 -8 -5 -4 -3 -4 0 343 358 303 274 218 257 268 279 278 229 204 218 289 298 303 295 304 322 328 326 416 430 390 360 384 368 276 338 285 282 283 323 324 290 297 260 258 246 232 219 205 202 255 151
-5 -8 -5 -4 -4 -5 -1 307 323 305 239 235 261 232 281 272 223 231 276 286 296 302 291 306 326 329 333 422 443 385 372 372 374 287 301 288 285 317 321 329 293 304 261 265 251 261 222 223 200 178 159
-5 -7 -4 -4 -3 -4 -3 313 293 236 236 263 271 240 278 268 222 328 275 285 234 288 293 310 328 337 327 334 351 393 382 379 387 297 349 291 288 319 326 335 349 260 295 306 261 243 226 206 203 220 174
-4 -7 -4 -4 -3 -1 299 354 296 219 270 311 335 301 273 266 223 298 277 226 282 289 296 309 290 334 324 332 339 377 378 390 396 299 350 293 322 324 336 340 358 308 303 275 308 250 233 217 219 204 192
-4 -6 -4 -4 -4 -1 299 319 333 300 281 351 241 280 268 268 225 259 280 230 287 294 301 309 284 295 324 334 329 372 379 388 301 354 298 295 404 442 340 350 311 300 273 276 282 261 243 228 215 220 209
-3 -6 -5 -5 -6 -3 332 318 323 300 289 233 256 275 264 280 221 258 284 282 292 298 305 310 323 335 331 337 360 377 383 384 311 330 298 297 311 340 348 359 297 299 307 312 318 270 252 262 227 235 225
-2 -7 -7 -5 -7 -5 300 318 301 286 250 234 270 264 263 225 223 334 224 237 292 298 308 314 328 338 334 368 365 368 379 376 304 330 300 332 304 342 345 354 266 299 272 275 280 315 288 272 260 249 240
-2 -7 -9 -6 -8 -5 333 348 329 215 208 268 248 257 269 187 220 262 229 239 293 298 307 316 329 334 335 341 295 356 375 376 267 333 332 303 302 299 339 347 264 264 267 305 309 317 299 283 272 263 255
-2 -8 -11 -7 -8 -6 338 349 335 290 326 238 248 222 237 223 334 266 236 230 254 297 300 315 326 328 341 337 288 355 369 388 273 308 303 345 297 297 375 407 262 262 266 303 309 318 308 263 283 276 270
-2 -8 -13 -8 -8 296 335 348 342 322 338 305 235 243 250 351 220 221 243 240 310 296 299 317 328 337 298 287 286 375 384 391 277 309 302 297 295 331 370 378 260 291 295 300 305 313 317 302 294 288 284
-2 -9 -16 -10 -8 293 335 343 334 349 357 316 250 233 259 348 261 226 249 264 307 296 304 322 340 303 291 278 289 354 391 395 350 308 299 294 292 325 328 297 257 287 262 299 272 312 319 310 303 271 331
-3 -9 -16 -11 328 321 336 336 337 314 347 254 245 270 223 343 218 233 256 266 256 303 309 326 342 302 295 293 297 358 378 383 315 303 296 292 370 322 324 291 253 283 258 292 300 307 315 317 280 279 343
-3 -8 -14 -10 252 287 335 335 339 338 228 226 240 259 210 221 220 238 262 271 262 309 312 323 295 298 300 311 293 356 347 330 327 297 292 289 313 315 317 288 248 277 283 261 299 308 317 322 319 318 350
-4 -7 -12 -8 332 319 331 329 317 194 213 218 234 245 235 340 220 240 265 274 265 306 308 314 283 291 300 312 303 310 301 275 273 294 318 314 309 281 281 283 284 273 280 258 263 301 279 321 321 318 349
-4 -6 -9 -6 -3 320 328 325 309 220 251 218 235 240 233 258 222 240 263 272 262 300 298 304 276 288 296 306 303 303 290 278 273 317 314 309 277 275 275 278 280 270 250 284 291 298 273 314 320 318 350
-4 -5 -6 -4 -2 316 321 320 240 257 253 224 228 227 216 264 215 240 259 261 252 288 288 259 272 284 273 289 294 295 286 276 272 291 310 304 272 271 269 272 274 264 246 253 288 265 272 309 316 315 410
-4 -4 -4 -2 -3 304 316 314 233 207 195 205 232 230 218 212 218 239 256 252 237 275 279 255 268 280 287 278 280 303 293 287 265 286 304 297 293 266 263 270 274 266 247 253 288 261 266 304 363 363 408
-4 -4 -3 -2 -3 -3 241 206 265 263 211 204 225 229 324 219 223 235 287 221 296 265 272 289 303 277 286 260 265 291 259 257 304 277 296 290 292 267 268 272 276 268 247 251 285 294 295 349 310 314 342
-4 -3 -2 -2 -2 -3 302 272 262 274 233 220 223 229 199 227 230 238 245 235 287 257 264 280 259 274 285 255 256 257 250 250 296 270 266 290 330 268 271 276 281 272 278 283 255 261 347 346 398 309 401
-3 -3 -2 -1 -1 -1 -1 334 309 278 322 216 246 341 334 234 234 271 272 227 281 264 255 272 258 275 283 271 252 298 246 244 283 266 265 264 268 269 276 281 288 277 252 286 291 293 345 342 344 304 397
-3 -2 -2 -1 0 0 -1 381 267 -5 333 281 276 267 312 243 239 239 239 286 272 255 261 264 255 277 283 272 254 316 281 278 289 290 291 329 268 272 280 290 249 283 255 257 261 349 346 342 300 301 329
-2 -2 -2 -1 0 0 -1 -2 -3 -8 -4 447 336 389 328 245 235 239 296 242 233 205 253 267 241 265 274 267 249 313 311 308 283 285 289 331 268 275 285 281 288 260 263 301 360 374 349 300 300 300 390
-1 -2 -2 -1 0 0 -1 -2 -3 -4 -4 -3 432 394 281 262 243 298 258 232 258 259 260 256 225 245 256 256 243 -21 299 292 274 280 287 292 302 318 244 287 308 272 227 227 230 310 311 305 304 302 392
-2 -2 -2 -1 -1 -1 -1 -2 -2 -3 -3 -4 -2 376 293 266 244 297 285 257 259 255 228 240 218 233 241 242 238 268 277 257 268 249 284 291 306 275 279 263 230 213 234 231 231 314 315 309 308 301 320
-2 -2 -2 -1 -1 -1 -1 -2 -2 -3 -2 -4 0 349 294 268 238 226 252 270 260 251 -22 -15 222 226 230 234 236 228 241 248 263 245 279 290 307 277 344 218 233 220 242 240 237 320 310 304 297 290 309
-1 -2 -2 -1 -1 -1 -2 -2 -2 -2 -3 -3 -2 -1 316 250 276 225 -22 224 256 184 195 212 220 221 221 225 233 229 214 246 259 265 248 286 239 280 208 221 214 231 228 246 236 227 265 257 280 271 297
-1 -1 -1 -1 -1 -1 -1 -2 -2 -2 -3 -4 -3 0 339 273 270 292 250 204 164 178 192 233 215 216 213 216 224 221 213 242 254 259 242 253 261 192 191 222 236 223 223 235 270 295 254 184 268 266 285
-1 -1 -1 0 0 -1 -1 -1 -2 -2 -3 -5 -4 -1 304 287 295 290 249 198 176 171 211 229 211 211 205 209 214 208 210 202 203 251 263 248 232 238 187 195 226 212 240 307 302 294 332 190 303 249 274
-1 -1 -1 0 0 0 0 -1 -3 -3 -4 -8 -6 -2 325 332 277 282 240 190 174 204 185 232 208 206 200 199 200 202 202 198 195 271 256 243 227 169 178 186 211 221 272 261 -7 252 274 266 249 240 266
-1 -1 0 1 1 0 0 -2 -4 -3 -14 -18 -9 296 319 280 277 279 261 181 170 169 182 260 203 203 200 192 192 198 198 195 191 244 232 241 252 224 172 177 184 208 257 252 278 269 260 251 -13 233 259
-1 -1 0 1 0 -1 -1 -5 -3 -10 398 340 338 301 292 281 284 273 209 165 160 163 176 226 202 201 197 192 193 199 199 202 201 249 233 266 249 220 165 227 188 271 275 245 236 257 251 243 233 224 250
-1 -1 0 1 0 -1 -2 -7 -2 289 306 283 268 279 279 286 287 242 190 152 150 156 177 197 207 198 191 200 207 209 206 209 212 213 237 268 211 217 222 223 254 260 266 269 231 251 243 236 226 217 242
-1 -1 0 1 -1 -1 -3 -6 -10 338 294 206 269 272 274 287 265 235 183 147 178 188 177 199 243 198 189 205 218 220 214 217 220 220 268 244 210 215 158 244 251 254 254 259 254 243 236 235 225 210 235
-1 -1 0 1 -1 -2 -4 -6 -8 319 290 276 272 264 253 260 255 199 153 144 180 155 175 203 215 204 194 202 220 224 226 227 229 230 306 246 236 213 241 239 213 246 249 251 251 245 230 229 220 237 230
0 -1 0 0 -1 -2 -5 -7 333 295 289 271 239 237 249 250 242 290 289 259 146 160 181 209 221 208 197 204 218 226 231 239 237 238 277 250 215 215 244 313 313 212 213 215 222 212 232 224 217 238 231
0 -1 0 -1 -1 -2 -5 -8 331 294 293 247 233 233 244 205 171 300 266 258 174 161 187 213 204 211 200 211 227 236 245 250 244 243 283 283 217 217 244 243 320 239 209 208 210 232 223 223 217 211 232
0 -1 0 -1 -1 -2 -5 -8 333 297 278 250 178 185 233 274 294 268 249 242 246 156 186 211 221 213 209 224 241 248 256 259 248 290 257 291 222 222 250 246 244 240 232 228 202 228 225 220 216 238 233
0 0 -1 -1 -1 -2 -5 -8 339 301 238 204 186 190 226 266 269 255 246 241 242 155 184 208 220 218 219 234 249 254 254 251 294 331 338 305 229 227 224 246 237 230 222 196 195 198 223 218 214 238 234
-1 0 0 0 0 -2 -5 -9 305 255 232 213 196 200 197 275 256 250 251 239 241 157 184 207 221 224 227 239 251 256 255 249 296 340 352 321 234 223 213 232 224 218 214 189 188 211 213 215 239 237 233
-1 0 0 0 0 -2 -4 -7 298 251 224 212 200 201 195 254 243 246 237 238 241 157 181 202 219 229 233 241 251 256 252 250 298 343 300 253 218 208 225 218 209 204 182 182 182 207 212 210 236 234 185
-1 0 0 0 1 -1 -4 301 294 251 224 210 203 204 131 239 227 227 241 252 189 157 163 196 213 227 233 241 249 253 251 289 320 279 275 207 201 215 209 202 196 173 172 174 192 244 202 205 205 231 236
0 0 0 0 1 -1 -4 -2 250 255 219 211 229 207 236 232 209 237 -20 244 248 157 175 189 204 218 227 236 240 307 282 272 299 292 255 209 203 196 174 186 243 238 163 164 230 189 196 200 200 227 233
0 0 0 0 1 -1 -4 -3 250 208 183 186 210 195 170 234 211 223 -19 234 242 156 170 183 195 208 219 225 290 291 219 306 252 274 237 174 168 163 174 170 225 226 202 195 175 179 185 194 196 223 230
0 0 0 0 1 -2 -5 -4 -6 225 193 221 218 199 171 247 207 199 230 232 209 157 166 177 188 198 207 214 277 276 294 271 238 173 166 159 153 147 158 208 207 208 211 215 165 169 175 184 191 218 225
0 0 0 -1 0 0 -2 -3 -6 -9 195 220 206 193 245 297 315 268 239 210 214 161 165 171 178 186 275 287 264 265 263 233 170 165 158 150 141 146 132 235 189 191 184 174 144 160 166 175 182 215 222
0 0 0 -1 0 1 1 2 -5 -8 194 220 206 231 294 335 -12 -6 241 216 157 162 183 166 157 177 248 258 257 257 254 223 216 192 182 171 157 127 206 212 170 164 156 161 167 151 158 170 182 185 213
0 0 0 -2 0 1 1 1 -5 -7 244 227 219 297 -15 -9 -9 -5 -9 202 196 159 160 161 223 233 242 187 252 249 246 215 211 159 197 140 128 121 122 145 150 155 137 141 163 151 158 167 177 183 210
