---
Surface Wind (10m AGL) Direction [deg] Valid 0400 PST ~Z75~(1200Z)~Z~ FRI 19 May 2017 ~Z75~[12hrFcst@1426z]~Z~
Model= RASP Region= PANOCHE Grid= d2 Reskm= 4.0 Indexs= 1 51 1 69 Proj= lambert 4000 4000 40.0000 40.0000 -73.0000 36.6487 -121.0445
Day= 2017 5 19 FRI ValidLST= 400 PST ValidZ= 1200 Fcst= 12.0 Init= 12 Param= sfcwinddir Unit= deg Mult= 1 Min= 0 Max= 360
344 347 349 352 352 357 3 10 17 34 41 48 52 67 69 67 64 68 67 69 70 69 69 70 74 78 75 76 77 81 94 350 253 251 250 245 234 219 205 193 192 162 151 142 136 133 139 135 124 113 105
345 347 350 353 355 358 4 11 22 45 47 49 54 68 70 67 65 68 66 66 67 67 66 67 68 79 73 75 76 73 79 82 237 252 250 247 237 222 207 194 184 164 151 142 135 133 138 134 120 110 106
345 348 351 354 358 359 5 12 23 45 47 49 55 68 68 65 64 67 66 65 66 67 65 63 62 73 73 74 75 77 78 71 258 255 252 250 242 226 209 206 183 166 152 142 135 131 134 134 121 112 109
345 348 351 355 360 2 7 13 24 45 48 49 56 68 68 65 63 64 65 64 64 63 62 60 58 59 65 73 78 75 75 67 266 258 255 251 244 230 212 207 187 168 152 141 134 130 133 136 126 114 106
345 348 352 356 1 5 9 15 26 46 48 49 58 69 68 66 66 66 65 64 62 61 59 57 55 56 55 45 78 72 71 65 297 263 257 251 247 235 214 209 192 170 153 141 133 129 133 134 127 113 103
345 348 352 357 3 9 12 18 27 46 46 49 63 68 67 65 64 64 64 62 61 59 56 55 60 61 58 29 59 68 68 67 47 296 261 253 254 241 218 209 197 172 152 139 131 128 130 130 126 113 101
345 348 352 358 4 11 15 20 29 45 40 56 71 68 68 67 64 63 63 61 59 57 53 57 62 61 56 18 31 65 65 61 58 37 264 257 261 245 235 225 201 173 150 137 129 127 127 127 124 112 100
344 348 352 358 5 12 18 23 31 44 41 60 70 70 70 70 69 65 62 60 58 54 53 60 62 60 53 6 48 62 64 63 60 24 267 276 280 251 240 227 201 170 147 134 126 124 124 123 121 112 101
343 347 352 358 4 12 19 23 30 44 48 69 71 70 71 71 68 65 61 59 56 51 51 59 61 59 52 29 58 67 68 61 48 327 273 321 276 255 243 226 199 167 144 130 123 122 120 120 118 112 101
342 346 350 356 2 9 17 22 35 42 51 70 71 68 70 70 66 62 60 57 53 49 48 57 60 57 51 47 64 74 67 51 339 309 278 307 265 253 239 224 195 162 140 127 121 119 118 117 116 110 98
340 344 348 353 360 7 15 32 41 43 57 69 69 66 66 69 64 59 59 56 52 46 45 57 59 56 51 55 66 69 57 11 308 308 281 280 260 250 231 220 190 157 136 124 119 117 115 116 115 108 96
338 342 346 351 358 5 24 37 40 49 68 72 68 62 55 56 59 59 58 55 50 44 51 59 57 54 49 56 62 52 19 308 311 305 285 271 261 243 215 212 181 151 132 122 117 114 113 113 113 109 99
336 340 344 350 356 13 28 35 38 51 71 71 65 57 57 59 58 57 57 54 48 49 60 60 55 52 56 60 49 11 310 311 311 304 296 273 260 235 187 199 161 143 129 120 116 113 110 109 110 111 104
335 338 343 348 353 17 24 32 35 53 69 67 59 55 58 58 56 55 55 53 49 56 63 60 54 53 61 54 34 1 327 311 306 301 296 274 260 221 157 157 141 134 125 118 114 112 109 106 106 107 102
334 337 341 346 0 13 20 28 40 58 66 65 58 56 52 48 54 53 53 53 53 61 64 60 53 55 57 47 24 337 343 309 303 304 301 279 260 197 135 120 135 126 121 116 113 110 108 106 103 102 101
332 335 339 343 4 10 16 33 54 62 68 67 58 53 48 45 47 51 54 56 53 57 63 58 51 54 50 37 23 3 324 311 305 310 310 296 260 166 123 114 139 120 118 115 112 108 106 103 100 99 101
331 334 338 341 0 6 12 28 53 62 66 61 54 50 43 46 56 60 58 58 56 58 64 58 49 51 47 34 24 27 308 321 307 308 307 301 260 143 117 110 140 118 116 113 110 106 103 100 96 94 97
329 332 336 339 357 2 9 22 56 64 61 52 46 42 39 52 67 64 58 60 60 57 61 58 50 50 43 37 41 33 333 326 323 332 317 306 263 134 115 109 121 123 116 112 108 104 100 97 93 89 93
328 331 334 338 354 359 7 37 74 71 57 43 35 32 36 51 66 61 54 61 62 58 56 55 52 50 43 48 39 6 328 345 354 355 334 310 287 141 118 114 109 128 116 111 107 102 98 95 92 88 90
327 329 333 336 351 356 7 55 75 67 52 40 29 28 34 54 61 56 55 62 65 62 62 54 48 46 48 54 36 360 339 9 36 1 315 306 279 156 124 118 110 129 118 111 106 101 96 92 89 87 88
327 329 332 335 350 354 8 61 74 67 51 36 20 22 35 57 55 45 55 62 67 65 62 52 44 43 48 39 18 6 28 52 17 345 297 299 271 170 129 121 111 129 121 111 105 99 94 89 85 82 82
329 329 333 335 349 352 6 63 73 64 48 33 18 15 35 53 49 44 54 62 67 67 68 57 42 42 43 39 43 50 50 32 348 314 315 295 265 181 134 124 113 128 122 112 107 100 93 87 82 78 77
331 331 334 336 349 351 358 41 72 65 53 40 26 23 41 41 25 39 52 63 68 69 72 57 41 43 46 47 39 29 34 0 333 287 307 296 253 190 139 127 114 114 123 115 108 102 94 87 82 78 76
333 334 335 337 344 350 353 13 70 67 65 51 32 38 47 33 10 30 49 63 68 71 74 57 43 44 45 43 31 27 19 349 332 295 291 300 252 198 145 130 124 113 122 116 108 102 95 87 81 78 75
335 336 337 339 341 351 352 16 66 65 61 48 43 47 44 7 346 10 42 62 71 76 78 49 40 43 41 38 29 27 6 344 335 326 281 287 253 206 151 133 126 125 122 118 109 103 95 87 81 77 74
337 339 340 342 343 352 1 55 63 60 55 53 55 52 37 331 330 346 38 68 79 84 87 56 38 38 34 31 32 11 347 342 336 325 271 264 255 213 157 136 120 135 123 119 112 104 96 87 80 76 72
339 341 344 345 345 353 11 56 51 54 57 47 47 46 2 318 322 335 51 81 87 93 76 46 34 33 31 27 13 351 341 336 330 309 263 265 256 220 164 140 122 140 124 118 112 103 95 85 77 73 69
341 344 347 349 349 353 14 57 51 51 39 32 40 43 329 302 299 309 92 99 100 103 87 59 36 31 31 20 10 355 343 329 316 280 265 265 257 226 171 142 123 141 122 114 109 101 93 84 77 72 72
343 346 350 354 354 354 20 67 59 58 45 39 41 30 323 286 266 201 132 121 117 117 110 58 37 30 28 18 8 356 334 306 303 259 266 265 259 231 175 140 142 139 119 110 107 100 91 83 76 78 76
344 348 353 359 359 359 25 68 60 57 52 42 23 340 34 280 220 170 145 136 132 131 103 33 29 28 23 15 6 335 285 275 294 257 267 267 264 245 181 127 174 138 117 107 103 98 90 82 76 77 76
346 350 355 0 3 1 29 61 55 55 53 48 38 15 46 70 182 160 149 142 105 123 102 43 33 28 23 18 4 244 247 277 258 254 268 273 272 263 197 116 176 137 115 104 99 96 89 81 75 77 76
346 349 354 359 4 15 53 56 50 47 45 47 43 36 44 58 163 154 148 91 66 103 115 335 27 25 22 12 257 261 326 333 304 252 267 279 279 277 260 186 177 137 114 102 97 94 89 81 75 77 75
344 347 352 358 4 33 68 57 45 36 35 41 42 38 43 66 153 149 146 62 63 97 120 326 23 21 37 107 157 278 336 337 327 295 266 283 286 288 243 212 179 138 114 101 95 91 87 80 74 77 75
343 346 350 356 5 45 67 53 43 35 34 39 37 37 48 123 147 145 143 66 70 89 113 20 21 18 34 29 20 356 307 323 331 289 263 282 289 257 227 212 182 140 114 100 93 90 88 82 75 76 75
342 345 348 353 11 58 58 44 44 45 42 37 29 37 62 140 142 142 137 40 47 67 81 23 17 16 16 12 10 29 250 295 273 241 262 279 269 234 226 211 184 143 115 100 92 89 88 83 76 76 75
341 343 346 351 12 61 56 44 44 47 50 46 34 39 72 137 138 139 107 29 36 50 46 23 13 14 13 9 4 18 331 244 227 244 260 276 264 231 224 211 186 147 117 99 91 87 86 83 76 76 74
340 342 345 349 9 59 52 44 44 50 65 56 35 43 87 136 137 137 52 22 32 49 86 355 18 12 10 7 3 2 12 302 306 238 256 272 258 228 223 210 187 145 113 96 89 85 83 82 76 74 74
339 341 343 347 2 48 44 41 45 62 84 64 35 47 100 135 137 137 58 23 31 81 169 208 19 9 7 5 2 359 4 331 312 244 252 268 252 225 221 207 182 138 109 96 89 85 81 78 80 76 73
338 339 342 345 352 27 43 40 49 72 84 57 30 51 118 133 136 135 45 26 42 134 171 219 23 10 6 4 3 3 327 281 276 248 250 264 247 223 222 213 184 140 115 101 91 85 80 76 78 75 72
337 338 340 343 348 28 44 38 53 79 86 67 36 77 130 132 134 130 30 26 64 163 175 236 6 10 5 5 10 22 235 235 236 240 251 261 244 222 222 206 182 151 122 106 94 85 80 76 76 74 71
336 337 339 341 346 21 45 48 87 111 113 121 125 125 126 130 133 122 29 30 77 166 180 213 348 10 1 1 13 357 235 233 235 243 250 256 236 216 213 200 180 157 129 109 95 86 80 75 73 72 70
335 336 338 341 345 356 53 92 91 102 109 111 117 119 124 128 128 107 31 32 83 166 183 217 353 6 359 357 20 252 233 234 238 242 245 248 226 211 204 195 176 157 132 111 97 87 80 78 73 71 68
335 336 338 340 345 353 10 53 79 89 92 103 111 116 121 125 129 132 28 35 120 166 181 225 341 359 357 354 24 239 231 232 236 240 240 239 214 207 198 190 172 156 135 114 99 88 81 78 72 69 66
334 335 337 340 344 351 6 53 78 90 100 106 107 113 118 123 126 130 17 109 153 163 179 213 290 2 357 353 12 276 271 239 236 237 235 230 202 188 193 183 169 153 136 117 102 90 82 78 72 68 65
334 335 337 339 343 350 3 28 60 76 85 102 108 114 115 120 123 137 146 145 146 159 174 192 257 355 4 358 19 253 256 236 237 235 231 220 195 155 188 178 168 150 136 120 104 92 84 79 72 68 63
333 334 336 339 342 349 360 21 54 74 82 90 98 111 116 121 125 136 141 137 142 152 165 182 235 340 358 356 13 251 247 239 237 234 225 207 174 143 183 173 165 147 135 121 107 95 85 81 73 68 64
333 334 336 338 342 347 357 16 46 69 79 87 94 102 109 116 123 124 133 134 133 139 152 170 198 349 352 349 355 3 242 241 239 233 220 190 154 132 177 167 160 146 135 121 109 98 87 78 75 73 68
332 333 335 337 341 346 355 11 37 64 77 84 91 98 105 111 115 114 126 133 126 126 136 129 23 14 360 349 352 354 5 252 242 235 211 167 137 122 170 162 155 144 134 125 112 99 93 82 76 71 68
332 333 334 336 340 345 353 7 31 60 75 82 88 94 100 104 107 109 123 121 120 112 110 23 10 8 3 349 352 352 351 356 247 241 192 137 122 113 163 156 151 143 132 124 112 99 94 84 79 74 70
331 332 334 336 339 344 352 4 24 52 72 80 85 91 95 99 100 105 97 92 108 100 84 24 11 7 9 353 353 352 349 0 258 266 114 108 110 106 124 150 146 142 130 119 108 98 94 85 80 76 72
331 331 333 335 338 343 350 1 18 44 68 78 83 88 91 94 93 89 88 102 97 89 57 22 12 6 5 356 352 351 349 1 276 338 64 92 101 106 103 145 140 137 126 113 104 97 94 85 81 77 74
331 331 332 335 338 342 348 358 13 36 63 77 82 85 87 92 92 84 79 91 87 80 49 24 15 9 4 360 352 350 349 1 12 334 46 76 91 99 97 139 134 131 124 111 101 96 94 86 82 78 75
331 331 332 335 337 342 347 356 9 30 56 75 81 83 83 89 70 41 57 85 78 73 49 28 17 11 4 1 354 349 348 349 4 345 23 62 80 91 92 133 128 124 121 112 100 94 93 86 82 79 76
332 332 333 335 338 342 347 355 6 24 48 72 81 82 86 66 29 27 49 75 70 65 49 31 18 12 7 360 354 349 347 347 353 6 327 49 69 82 86 127 122 117 115 110 99 92 92 86 82 79 77
333 333 334 335 338 342 347 354 4 20 41 67 80 82 83 41 17 23 48 69 63 58 48 32 13 11 8 2 358 352 347 346 346 2 343 39 59 73 81 122 116 111 107 105 97 90 91 85 82 80 77
334 334 335 336 339 342 347 353 3 25 48 69 81 84 74 30 17 23 45 63 57 53 44 29 9 9 8 2 359 355 349 345 344 350 354 31 50 65 76 117 111 106 102 99 93 87 89 84 82 80 77
335 335 336 338 340 343 348 354 358 20 43 58 80 87 61 23 18 34 56 59 57 58 40 23 5 7 8 3 359 356 350 346 344 347 349 24 42 57 79 113 106 101 97 94 91 84 88 86 82 79 76
336 337 338 339 341 344 348 354 2 15 20 31 64 64 38 21 18 37 68 67 67 55 26 18 6 8 9 4 1 358 353 350 344 346 340 20 36 60 121 109 102 97 92 90 89 83 80 84 82 78 77
337 338 339 340 342 345 349 355 2 14 16 24 49 42 29 31 36 62 78 80 82 66 10 16 10 10 9 5 5 3 357 353 345 347 320 16 30 54 122 108 99 94 90 88 89 85 82 85 83 80 76
337 339 340 342 344 347 351 356 3 13 15 24 42 29 21 44 89 94 96 100 106 107 355 17 12 10 8 6 8 6 357 349 344 350 327 13 44 157 125 109 100 95 92 90 89 88 84 87 84 80 78
338 339 341 343 346 349 352 356 4 15 19 28 27 17 18 43 114 113 118 126 135 137 1 14 11 11 8 7 8 5 357 349 334 323 3 11 17 169 137 118 108 101 97 94 91 91 88 89 84 88 94
339 340 342 344 347 349 351 352 359 17 21 26 21 15 27 60 130 135 142 150 157 171 337 12 11 12 10 7 7 4 357 350 275 249 358 33 202 179 152 130 117 108 102 98 94 92 89 90 85 95 105
339 340 342 344 346 347 348 349 352 11 19 24 21 19 31 63 148 154 161 166 171 177 321 7 10 12 10 7 7 1 356 340 227 274 331 9 201 186 163 142 126 115 107 102 98 95 92 92 87 95 104
339 340 341 342 344 345 346 347 345 2 22 29 23 20 28 59 163 169 173 177 181 200 30 11 8 10 6 3 3 357 353 273 226 276 302 284 200 190 171 152 135 122 113 107 102 98 95 94 89 96 104
338 338 339 340 341 342 343 343 341 350 10 22 23 22 41 116 175 179 182 185 188 263 359 358 335 344 335 328 347 2 356 261 232 266 285 254 199 192 178 160 143 130 119 111 105 101 97 96 91 96 105
336 337 337 338 339 340 340 339 336 338 351 13 31 41 72 172 182 187 189 190 192 211 254 191 210 204 195 234 320 353 353 249 243 262 275 247 199 193 182 167 151 137 126 117 110 104 100 98 93 99 106
336 336 336 336 337 337 337 335 333 330 333 10 36 47 94 187 186 189 190 193 193 196 184 190 203 207 213 225 277 339 282 234 250 260 270 246 199 194 186 173 158 144 132 122 114 108 100 98 96 98 105
335 335 335 335 335 334 333 331 328 323 320 4 32 43 105 196 189 188 189 195 196 200 135 145 201 208 217 229 251 306 225 241 251 259 240 205 200 195 188 177 164 151 138 128 119 112 101 97 96 92 88
334 334 334 333 333 332 330 327 322 316 311 341 31 42 161 202 192 189 190 196 198 228 23 61 205 215 216 219 243 347 256 244 252 258 242 206 202 196 189 183 170 156 144 133 123 114 107 99 95 92 88
