---
Surface Wind (10m AGL) Direction [deg] Valid 1600 PST ~Z75~(0000Z)~Z~ FRI 19 May 2017 ~Z75~[24hrFcst@1443z]~Z~
Model= RASP Region= PANOCHE Grid= d2 Reskm= 4.0 Indexs= 1 51 1 69 Proj= lambert 4000 4000 40.0000 40.0000 -73.0000 36.6487 -121.0445
Day= 2017 5 19 FRI ValidLST= 1600 PST ValidZ= 000 Fcst= 24.0 Init= 12 Param= sfcwinddir Unit= deg Mult= 1 Min= 0 Max= 360
315 314 312 311 311 311 309 306 300 296 287 277 269 263 261 260 255 253 252 251 252 252 253 253 252 252 254 256 264 276 304 356 12 13 7 0 354 349 346 345 345 347 351 357 3 6 5 1 355 346 337
312 311 310 308 305 303 301 299 295 289 281 271 265 258 257 255 251 249 248 248 248 249 250 250 249 249 252 252 260 274 307 358 11 12 7 1 355 350 347 344 343 344 346 351 357 359 0 359 355 346 336
311 310 308 304 300 297 298 298 293 283 273 266 261 255 252 248 246 245 245 245 245 246 246 247 248 248 250 251 257 270 314 0 11 10 7 2 357 351 346 342 341 341 343 347 351 354 355 356 353 345 336
311 309 307 301 296 294 299 306 303 276 261 258 254 248 244 243 242 243 243 244 245 245 246 247 247 247 246 247 254 260 328 9 11 8 7 1 356 350 346 341 338 337 342 349 349 352 351 350 351 343 334
310 308 306 298 291 289 298 322 337 275 261 257 252 246 242 241 240 240 241 241 242 243 244 245 246 246 249 257 267 275 13 24 17 13 9 5 356 347 345 341 339 334 344 2 353 353 350 343 349 341 333
309 307 305 298 292 292 297 311 281 271 266 260 253 246 242 239 238 237 237 237 237 238 240 241 243 246 257 269 278 287 360 13 12 13 9 7 2 352 344 343 347 330 332 1 360 351 348 347 347 340 333
308 306 305 297 291 290 293 294 242 268 264 258 249 243 240 238 236 235 234 234 234 234 235 237 239 245 253 260 264 269 13 17 7 6 4 2 359 354 344 346 348 327 330 358 1 351 347 348 345 340 333
308 306 305 297 290 289 293 274 256 266 264 257 246 239 237 236 235 234 233 232 231 231 232 232 236 247 258 263 256 264 10 11 3 359 359 356 353 352 341 342 350 330 334 355 358 349 344 348 344 339 333
308 307 306 297 289 288 289 275 278 267 261 251 240 235 234 234 233 233 232 231 230 230 228 230 242 258 265 264 258 355 16 8 2 354 354 353 348 349 340 338 346 336 342 356 358 349 343 345 342 339 333
309 308 307 298 289 289 294 317 197 236 245 239 233 230 230 231 232 231 232 232 234 233 232 241 257 260 267 262 286 10 17 11 5 359 355 352 346 347 337 338 344 342 345 351 357 349 342 344 340 338 333
310 309 308 300 293 295 316 255 236 250 246 234 230 228 228 229 230 230 230 231 233 234 240 253 259 267 269 263 341 15 12 11 8 4 357 352 346 347 338 342 346 349 350 349 355 348 341 342 340 338 335
310 310 309 305 304 311 309 255 239 239 236 231 230 231 231 230 230 229 227 228 228 232 246 264 277 282 269 296 8 15 12 6 6 5 1 352 345 345 338 345 350 356 354 350 353 346 345 344 341 340 338
311 311 310 311 317 323 310 268 239 230 229 231 234 236 237 235 234 232 230 227 226 242 274 286 287 276 269 336 25 17 16 9 7 6 4 355 347 345 341 347 352 0 1 355 354 347 346 343 343 343 342
312 312 311 315 323 328 316 275 249 232 229 232 234 235 234 234 234 234 233 229 246 283 289 281 277 268 275 355 37 28 26 23 18 11 7 359 351 346 343 347 351 0 4 358 354 351 349 345 345 346 347
313 313 312 317 325 329 318 277 250 233 229 230 230 229 228 228 230 231 228 251 297 290 281 279 281 273 287 26 54 48 43 41 32 19 11 3 355 350 346 348 349 354 1 1 354 354 352 346 348 351 354
314 315 314 319 325 326 315 278 253 240 235 236 237 234 230 228 227 225 253 319 296 286 285 287 283 275 299 74 76 64 62 55 37 24 11 3 357 351 348 354 351 354 355 357 354 356 354 347 351 356 360
316 318 316 321 327 324 310 275 251 239 236 238 240 238 235 232 230 317 352 316 294 288 287 287 281 284 303 339 76 69 73 52 32 23 10 0 356 355 350 357 352 353 354 354 352 356 353 347 354 2 6
318 321 319 324 330 323 305 276 252 241 236 236 235 235 233 233 317 356 337 309 294 290 290 289 286 294 295 287 17 36 36 17 17 15 6 356 353 356 355 1 356 355 353 353 354 357 351 346 357 7 11
320 323 322 328 335 323 299 273 256 248 244 242 239 234 228 300 356 347 328 306 297 295 295 293 290 289 280 281 355 16 357 2 7 8 1 352 349 355 353 359 358 357 350 349 354 358 351 344 358 9 14
322 326 324 332 342 330 302 278 264 256 253 250 243 247 345 2 355 342 324 308 302 301 298 292 286 277 269 276 46 78 23 14 9 6 359 351 347 354 352 355 355 356 347 344 348 353 351 343 359 11 16
323 328 327 336 349 346 321 284 266 259 258 250 252 1 2 355 348 336 324 312 307 302 296 289 280 268 266 271 146 63 19 17 12 7 0 351 345 352 353 351 349 353 345 338 340 342 348 343 357 10 15
324 330 328 338 352 1 349 286 265 262 259 252 1 9 3 354 341 332 324 314 307 300 294 287 277 268 284 315 110 356 8 13 11 5 0 351 344 349 355 352 345 350 346 331 334 336 338 345 354 7 12
325 330 328 336 344 344 329 279 265 264 268 1 9 4 3 353 338 329 323 314 306 298 292 286 278 284 320 338 350 354 357 3 6 2 358 351 343 343 352 355 344 345 347 328 332 332 329 347 348 0 7
324 330 326 333 338 329 304 266 260 257 269 9 15 2 359 350 337 327 321 312 302 295 290 286 285 300 328 347 351 352 351 352 359 359 354 350 344 338 346 355 344 341 344 327 330 328 327 346 345 355 2
323 328 324 331 336 322 289 268 265 261 260 23 19 5 357 347 336 326 318 309 299 292 289 286 287 296 327 3 4 356 351 352 356 355 351 348 345 335 341 353 343 338 340 327 329 324 326 345 342 347 355
322 326 320 328 335 324 298 286 284 302 51 22 19 8 358 345 335 325 316 306 297 290 285 280 277 278 318 18 21 11 360 357 357 354 349 347 347 334 339 350 343 338 337 326 327 323 323 338 335 338 343
320 324 316 324 334 327 303 290 288 316 8 11 15 13 1 346 334 323 313 303 294 284 275 268 263 260 335 17 27 26 16 6 0 354 348 346 348 333 339 348 342 339 334 326 326 321 320 330 325 323 320
319 321 312 318 331 326 298 283 280 321 4 5 5 11 4 348 334 321 310 299 288 277 272 272 272 292 9 1 358 18 22 11 2 356 349 348 350 334 338 347 340 340 333 326 326 319 317 321 315 307 297
318 319 309 313 323 317 292 278 277 339 14 3 351 358 1 348 334 319 307 296 285 282 295 304 309 3 18 1 345 350 16 16 3 357 350 348 348 334 338 344 338 340 331 328 327 316 314 317 311 304 295
318 319 308 308 312 302 283 272 276 6 21 1 336 340 351 345 332 317 307 297 293 303 318 313 310 339 14 8 353 338 356 13 5 355 351 349 346 335 340 341 337 340 329 330 326 314 312 314 310 305 299
318 319 309 306 304 289 276 274 293 336 357 348 324 326 344 341 328 316 308 301 301 314 320 312 311 327 345 357 358 341 345 3 4 355 350 348 343 338 342 336 338 338 328 333 324 312 311 312 309 304 299
318 320 311 305 300 286 279 289 326 342 337 333 314 321 340 336 324 316 310 302 303 318 323 316 316 325 324 323 350 350 344 355 360 353 349 349 343 342 340 334 340 334 329 335 320 311 313 310 306 302 297
320 321 314 307 294 287 289 304 339 346 334 324 307 319 341 333 323 317 310 301 303 322 326 318 316 317 310 301 327 355 346 348 356 351 347 349 345 344 336 335 340 329 333 333 316 311 314 308 304 300 295
322 324 319 313 304 297 296 307 344 353 333 321 302 316 344 334 324 317 309 299 305 326 327 320 316 310 302 296 312 347 346 345 353 349 344 349 346 344 334 336 338 328 336 330 314 313 315 307 302 297 291
324 326 322 317 307 299 297 303 338 353 335 321 299 308 344 337 326 317 307 298 306 330 329 320 312 304 298 297 304 322 336 338 348 349 340 347 348 345 336 335 334 329 335 325 313 315 313 306 302 296 290
326 328 325 326 319 301 295 298 327 344 333 320 295 299 340 336 323 315 305 295 305 330 329 318 308 302 296 296 297 304 322 326 338 349 337 343 346 345 339 334 332 329 333 321 314 315 310 305 302 296 291
329 331 328 340 340 303 292 295 313 326 326 315 290 294 336 333 319 311 300 291 303 328 328 316 307 300 295 293 291 295 313 316 325 345 336 339 344 344 339 334 332 326 329 319 315 314 305 303 301 296 291
329 331 328 336 324 295 288 287 298 310 319 309 286 294 331 327 313 305 294 287 299 324 326 316 306 298 291 287 284 288 305 310 315 338 334 335 342 342 337 334 331 324 326 318 314 310 301 301 300 295 291
327 329 327 331 203 280 280 277 286 303 316 305 285 299 324 320 307 299 288 283 292 320 327 316 305 295 286 280 275 282 298 305 308 329 332 334 340 340 336 333 330 325 324 316 314 307 297 301 300 296 292
323 323 324 316 180 197 256 260 279 305 317 308 299 312 317 313 304 298 283 277 282 316 328 315 302 290 280 273 270 281 299 303 301 318 329 336 339 339 335 332 331 325 322 315 314 303 297 304 302 298 293
319 319 323 324 197 184 228 250 281 314 318 315 314 311 308 308 303 293 273 267 275 311 324 311 296 284 275 270 276 289 299 297 294 308 328 338 340 340 335 333 332 325 320 314 311 300 299 307 304 301 296
316 316 324 351 354 213 225 247 280 320 310 294 295 301 303 305 298 284 265 259 269 303 315 304 290 280 271 271 280 289 292 290 287 300 326 339 341 341 335 333 332 324 319 314 310 302 303 308 305 302 298
317 317 323 348 349 296 228 249 272 298 291 279 284 289 288 292 284 260 246 248 261 288 300 294 283 273 265 264 269 277 283 284 281 294 326 339 341 341 336 334 331 323 320 314 309 301 306 309 305 301 296
315 316 318 332 327 280 237 245 257 264 259 260 277 278 282 278 264 242 235 244 259 274 281 279 269 260 254 254 255 266 272 273 271 289 328 341 341 341 335 333 330 322 321 314 310 305 310 308 304 300 295
313 313 312 314 301 270 249 243 245 249 245 235 250 260 267 260 248 236 238 248 256 260 265 264 257 248 243 244 246 256 258 258 259 291 333 342 342 341 334 333 329 322 320 309 307 311 312 307 303 298 293
310 309 307 304 293 277 262 252 248 245 241 229 227 242 247 244 240 241 247 250 249 249 255 259 251 241 238 240 246 250 251 252 258 309 340 344 344 341 332 332 328 321 315 304 316 321 311 303 301 296 292
309 307 305 300 292 283 272 261 250 243 233 230 215 229 240 243 248 252 255 250 243 243 247 246 237 231 232 237 244 245 245 245 261 330 346 346 345 343 330 330 328 319 311 310 330 319 304 301 300 296 294
309 307 304 300 294 288 279 268 255 244 233 228 210 215 232 238 248 252 253 247 239 230 222 222 220 219 219 224 232 236 239 242 293 349 349 348 347 344 328 329 329 316 312 322 333 311 301 303 301 300 299
309 307 304 301 296 291 283 273 261 248 236 224 208 197 219 228 239 248 250 245 242 232 212 214 218 220 216 215 222 229 235 250 340 357 353 349 347 346 327 328 328 317 319 329 330 307 304 309 308 310 311
309 307 305 302 297 293 286 277 266 256 242 223 202 185 218 224 224 235 238 239 241 241 228 224 224 224 220 211 210 216 221 314 7 1 356 350 347 346 328 328 328 322 327 328 325 310 312 313 312 313 315
310 309 306 303 299 295 289 280 272 264 249 223 185 157 209 216 209 225 232 235 234 227 222 225 227 232 231 221 202 186 91 29 16 7 359 352 347 345 330 328 328 326 329 326 324 317 314 311 313 314 314
312 311 307 305 301 297 291 283 280 270 251 219 166 154 200 213 215 228 231 233 225 209 206 222 231 239 239 234 102 66 39 29 21 11 2 354 346 342 334 328 328 330 328 324 324 319 313 309 309 308 307
314 313 309 306 303 299 293 289 286 273 256 172 134 151 191 215 228 235 235 239 223 175 184 213 232 242 250 173 73 37 29 19 15 10 4 356 348 340 336 328 327 331 327 327 324 317 312 307 305 303 299
316 314 310 308 305 301 296 294 290 277 250 189 136 152 191 228 251 262 314 338 342 181 206 239 253 274 317 79 21 11 7 7 5 5 3 357 348 340 337 329 328 331 327 326 324 319 310 303 300 295 289
317 315 311 310 307 303 300 299 293 277 251 197 157 159 190 232 260 289 325 322 319 311 293 285 289 311 314 322 351 355 351 355 357 358 359 356 349 341 336 329 328 330 326 328 325 316 308 302 297 291 284
318 316 313 311 309 306 304 304 292 273 255 219 169 163 183 222 247 296 326 324 322 316 303 291 290 301 314 329 346 350 346 348 351 354 355 354 349 341 336 329 327 328 325 328 324 316 307 302 298 290 284
319 317 314 313 312 309 308 310 296 280 263 249 170 158 176 207 254 318 325 315 315 312 301 292 293 304 315 324 341 346 344 346 348 351 352 352 348 341 336 330 326 326 326 327 323 314 306 303 298 291 284
320 317 315 315 315 313 311 311 295 282 270 275 243 152 173 201 298 332 326 313 314 312 300 292 291 300 318 327 336 341 340 342 344 348 349 349 346 341 337 332 325 324 327 326 320 312 307 304 297 289 283
320 318 316 317 317 316 312 310 294 281 274 284 293 236 183 1 347 340 326 312 312 309 296 289 291 306 322 326 333 339 339 338 341 345 348 347 345 341 336 331 325 326 329 325 318 311 308 303 295 287 280
321 319 317 319 320 318 312 308 291 280 274 281 282 277 289 348 351 346 331 313 310 307 297 293 296 311 324 326 328 334 338 337 339 342 346 345 344 340 337 331 325 328 329 324 317 313 310 303 294 285 279
323 320 319 321 322 319 312 307 294 285 277 283 287 291 304 325 340 348 334 311 309 308 300 298 300 312 323 322 324 330 334 336 338 341 345 344 342 340 336 331 326 329 329 323 318 316 311 302 296 288 283
323 322 321 323 324 319 313 309 303 300 295 300 298 297 303 316 328 342 335 314 311 310 305 301 302 310 316 316 319 327 330 333 338 341 345 344 341 340 336 331 327 330 329 324 319 317 309 303 300 294 290
324 323 322 324 324 319 317 320 313 310 308 303 298 295 298 307 320 335 332 314 311 311 306 302 301 303 306 309 315 324 327 331 338 341 344 344 342 340 336 332 330 331 329 325 321 316 309 305 305 301 297
324 324 323 325 324 319 318 318 317 318 311 302 297 295 299 306 312 326 327 315 313 312 305 298 293 291 294 301 310 320 324 329 337 340 343 343 342 340 337 334 331 331 329 326 321 316 310 309 311 308 303
324 324 325 325 325 321 318 320 323 319 306 296 291 290 296 298 307 317 318 314 309 305 297 289 282 280 286 294 305 316 322 329 337 341 343 343 342 340 338 335 333 331 329 327 322 317 315 313 313 309 305
324 325 326 326 327 325 324 322 318 309 298 288 283 286 295 297 304 310 310 309 303 297 288 280 275 274 277 287 298 311 322 331 340 343 343 340 340 340 340 337 334 331 329 327 325 323 319 315 313 307 304
323 325 327 329 331 333 331 325 312 297 285 277 277 286 295 301 300 299 299 295 292 285 278 271 267 266 266 275 287 305 324 341 352 353 342 329 327 339 350 349 336 322 319 326 335 334 325 314 309 305 304
323 324 327 330 333 335 333 324 306 283 273 266 272 285 294 293 286 286 282 275 272 266 263 260 257 257 259 266 283 301 324 344 356 356 342 325 323 338 354 352 335 315 310 325 342 342 328 313 308 308 307
322 324 326 329 331 332 330 324 310 275 261 259 272 281 286 284 282 281 274 265 257 253 252 252 253 255 258 263 281 301 327 347 357 356 342 324 322 341 360 355 334 312 305 324 347 346 331 314 308 307 306
