---
Surface Wind (10m AGL) Direction [deg] Valid 0700 PST ~Z75~(1500Z)~Z~ FRI 19 May 2017 ~Z75~[15hrFcst@1429z]~Z~
Model= RASP Region= PANOCHE Grid= d2 Reskm= 4.0 Indexs= 1 51 1 69 Proj= lambert 4000 4000 40.0000 40.0000 -73.0000 36.6487 -121.0445
Day= 2017 5 19 FRI ValidLST= 700 PST ValidZ= 1500 Fcst= 15.0 Init= 12 Param= sfcwinddir Unit= deg Mult= 1 Min= 0 Max= 360
332 330 328 328 330 351 116 106 95 83 78 77 66 74 78 84 92 98 110 116 120 121 117 114 112 111 113 114 110 123 147 217 235 220 130 99 105 124 135 140 141 141 144 152 162 174 183 194 201 209 215
330 328 326 322 317 313 15 78 78 74 73 73 65 74 77 81 88 94 106 112 116 117 112 108 106 106 108 111 107 118 141 182 212 210 144 99 104 123 133 138 139 141 145 152 161 172 181 191 197 204 210
326 321 316 312 307 308 329 24 56 65 67 68 69 71 74 75 80 87 96 105 110 111 108 104 103 102 103 105 107 116 133 161 183 184 143 108 108 119 130 135 138 142 147 154 161 168 176 183 190 196 203
318 310 304 299 300 307 325 6 71 66 66 64 63 61 60 63 66 61 52 78 100 105 104 101 100 100 101 105 109 116 128 141 150 150 138 127 123 121 124 133 139 146 151 156 161 166 171 177 182 188 195
315 306 300 295 292 296 308 333 71 67 65 63 58 54 48 54 56 39 346 5 89 99 98 96 95 97 99 103 107 113 127 139 150 151 137 120 113 115 125 137 141 145 151 156 160 164 168 173 177 183 190
312 305 300 296 293 290 291 288 4 69 63 63 58 55 50 53 50 38 330 297 65 101 96 91 89 92 100 106 108 113 131 148 160 161 132 92 77 92 121 137 142 146 152 156 159 162 167 171 173 179 186
311 305 300 295 289 285 291 283 298 70 64 61 57 55 59 60 57 47 352 282 268 113 94 86 85 87 97 103 105 110 131 159 164 146 104 73 62 77 111 130 140 148 151 153 158 160 164 170 172 178 184
309 305 300 293 285 281 280 277 273 70 64 57 55 56 67 71 71 61 360 279 259 156 94 84 84 87 100 104 102 109 135 154 148 129 102 77 68 82 106 123 137 147 150 153 157 158 161 167 170 175 181
308 304 301 290 278 274 275 271 261 68 59 53 50 44 54 72 71 27 327 270 259 137 94 86 85 92 107 108 103 116 145 146 121 109 97 74 74 89 101 119 133 144 147 150 155 155 159 164 168 172 178
306 304 301 288 270 262 268 264 255 61 54 50 50 34 6 32 44 352 305 272 265 161 96 87 86 100 121 120 113 128 134 107 84 81 82 57 69 87 102 119 130 142 146 149 152 153 157 162 165 170 175
306 304 304 290 245 209 263 264 239 58 53 55 71 333 317 283 290 330 297 276 273 262 104 87 89 106 139 138 114 110 93 78 70 48 305 19 58 79 96 113 127 139 146 147 148 152 154 158 163 168 173
306 306 309 309 128 101 253 256 213 61 63 76 103 352 321 267 260 284 304 278 271 262 114 94 98 112 134 119 76 73 74 86 73 336 292 347 45 81 101 110 124 137 144 145 148 151 153 156 161 166 171
307 310 319 17 103 73 79 230 79 65 75 98 104 1 290 285 274 310 309 273 263 248 140 104 107 118 121 97 68 59 88 227 265 279 272 299 59 94 103 107 122 134 141 144 145 149 152 155 159 166 171
309 315 332 48 91 66 71 65 56 65 77 103 146 281 294 296 275 272 284 264 245 198 145 113 112 114 103 89 69 277 261 262 269 269 250 244 93 119 109 106 116 129 141 141 142 147 151 154 157 162 168
311 321 347 53 82 61 66 64 59 63 79 115 202 270 310 301 271 258 243 238 230 161 109 106 105 96 89 78 284 275 281 301 301 267 260 66 89 111 100 106 118 130 139 139 141 146 150 153 156 160 165
314 328 1 56 75 58 62 64 61 64 83 120 208 302 331 305 271 245 207 199 233 251 143 103 89 84 87 336 262 246 305 323 294 264 341 56 92 107 100 100 115 126 136 139 141 145 149 152 154 158 163
317 334 9 59 74 61 61 58 53 53 70 95 317 335 340 300 264 225 172 161 219 244 217 97 80 78 93 117 147 151 277 268 227 25 24 45 88 99 104 104 116 127 135 138 140 143 148 151 153 157 162
317 336 9 59 76 65 65 59 50 45 48 295 270 344 342 280 230 200 123 145 193 219 244 320 87 85 102 129 134 213 290 249 162 124 42 42 75 85 93 101 115 127 134 137 139 142 146 149 151 156 161
319 338 6 57 75 67 70 66 60 51 8 359 11 30 112 217 212 190 110 145 177 219 251 252 116 105 118 136 142 296 251 186 164 158 119 57 73 78 92 104 115 126 131 136 138 140 144 147 150 156 161
318 336 358 49 73 63 73 69 71 78 312 358 42 121 147 199 209 123 114 148 179 213 227 194 123 111 123 142 231 210 187 177 165 143 81 71 80 81 96 105 115 124 130 135 137 138 141 144 149 155 162
317 334 348 38 79 62 74 71 74 73 303 28 84 130 160 197 203 89 122 151 179 207 211 178 127 106 107 140 166 171 180 176 147 77 56 73 92 94 103 108 115 122 128 132 135 137 139 142 148 155 161
316 331 341 34 88 69 75 74 76 64 2 70 106 144 184 210 110 101 135 158 183 243 226 202 172 141 128 172 189 191 177 133 64 70 72 88 105 108 109 109 114 120 127 132 135 136 138 141 146 152 158
313 327 337 32 99 74 76 75 78 74 351 63 137 165 205 248 83 115 148 171 191 264 244 212 182 182 177 200 229 248 95 80 79 80 68 105 122 120 113 109 113 119 127 131 133 135 137 141 146 151 156
311 324 338 36 70 60 68 67 65 44 298 237 146 184 232 41 67 120 155 187 205 246 245 201 171 187 186 210 248 303 79 103 111 80 51 91 120 117 109 108 113 119 125 131 133 135 138 142 146 150 154
309 320 328 12 29 26 50 61 50 16 308 139 156 197 240 79 85 128 162 182 148 233 224 177 172 205 192 200 248 320 78 131 142 105 57 81 106 105 104 106 112 118 126 131 133 135 139 144 148 150 153
307 317 320 333 340 330 348 68 63 70 119 123 151 191 356 97 115 139 160 170 156 225 198 166 191 228 196 195 225 355 19 166 154 78 54 78 94 94 98 104 113 119 127 132 134 137 141 146 149 150 153
306 315 318 334 58 128 209 191 92 108 123 84 148 182 27 84 130 140 150 158 189 207 194 184 187 204 191 201 213 213 208 212 342 52 65 79 88 90 94 103 111 119 127 133 136 139 144 148 150 151 153
306 315 319 341 114 127 168 178 89 99 51 51 120 108 65 78 120 138 156 170 186 189 176 165 155 176 203 210 219 223 222 246 45 66 76 79 77 82 95 105 114 122 130 137 139 141 145 149 151 153 155
306 316 324 11 73 85 94 73 68 55 13 45 30 353 84 65 111 129 141 134 150 176 161 151 170 205 219 217 209 213 5 19 55 70 77 75 84 86 95 107 118 126 133 138 140 143 146 149 152 154 156
306 317 325 5 43 41 61 62 61 250 241 237 268 268 263 55 103 116 94 62 39 202 181 174 194 222 241 252 299 333 311 325 1 12 73 75 81 88 100 108 122 129 135 140 143 144 147 149 151 154 156
307 318 326 354 42 31 52 86 69 56 33 185 231 257 263 88 119 133 93 66 36 352 184 176 202 227 250 342 29 332 286 4 28 25 51 69 75 93 111 116 125 132 138 142 144 145 147 149 151 153 155
310 321 330 1 59 60 184 214 39 33 21 178 250 250 255 103 125 145 141 165 182 314 259 191 213 236 248 26 76 282 262 124 72 39 42 52 71 95 109 114 127 135 141 144 146 146 147 149 151 153 155
313 323 331 359 55 63 190 282 12 20 13 294 258 276 281 97 125 142 127 153 199 275 210 179 214 257 282 317 12 206 212 176 59 41 41 47 72 95 107 116 128 136 142 145 147 148 149 150 151 153 154
317 326 332 341 54 40 238 336 25 31 25 203 191 303 32 93 128 137 112 206 217 209 178 187 255 274 299 4 13 339 241 77 74 65 39 37 70 97 110 117 128 136 142 146 149 151 152 152 152 153 153
320 328 335 349 65 63 226 21 56 112 200 170 157 346 58 91 137 141 122 212 218 190 169 187 250 247 302 340 348 4 1 28 76 69 33 33 65 96 111 118 129 136 143 148 151 153 154 154 153 153 154
323 331 337 343 52 48 227 71 93 167 191 136 104 101 68 80 159 160 145 197 229 196 171 182 171 148 317 350 349 360 18 24 33 43 30 44 69 95 111 121 131 137 143 148 153 155 157 157 154 154 155
325 334 341 2 62 40 225 101 119 169 135 107 60 119 74 359 218 173 157 185 231 239 162 147 118 113 350 358 341 314 337 29 46 56 55 62 77 98 114 125 134 139 143 148 153 156 159 160 156 157 156
329 337 343 358 80 33 182 174 162 139 110 118 186 158 64 333 268 159 155 199 222 306 133 121 103 99 40 24 3 343 339 54 83 83 77 83 90 105 121 131 138 141 144 148 153 156 160 160 157 157 156
332 341 346 352 93 43 119 170 177 160 131 123 168 174 7 320 281 138 147 211 241 350 117 112 95 83 62 57 34 24 19 53 92 98 94 99 103 113 129 137 141 142 145 149 153 156 161 161 156 155 154
336 346 350 2 46 63 104 139 183 158 127 117 148 83 344 299 237 126 155 205 11 38 115 47 60 49 24 293 263 305 30 45 76 96 98 106 108 117 132 140 143 142 146 151 154 154 160 160 153 152 149
337 347 354 14 21 18 89 99 342 354 75 35 25 2 321 291 175 125 164 211 29 37 336 321 316 29 30 7 323 312 348 21 54 96 98 106 105 116 132 141 145 145 147 152 154 155 159 158 151 149 145
337 346 355 14 18 9 14 11 353 331 7 6 344 331 309 287 217 138 182 228 21 355 310 297 287 41 37 26 1 356 3 8 16 83 110 100 99 113 129 142 147 148 151 153 154 154 158 157 150 147 143
335 343 352 7 14 6 356 359 4 322 314 298 308 311 296 283 257 144 198 232 9 339 300 289 307 29 53 52 8 352 1 11 12 39 97 100 101 114 129 141 149 152 153 155 155 155 158 157 149 145 141
333 340 347 359 4 4 5 356 276 269 298 281 294 298 296 285 277 186 70 26 14 326 286 286 301 27 75 78 4 346 348 357 4 21 79 98 104 117 131 143 152 154 156 159 155 157 160 157 149 145 141
332 336 341 348 350 350 346 324 288 291 305 278 289 276 283 315 1 36 40 20 9 323 268 268 280 26 77 79 13 5 25 23 15 29 74 98 106 116 131 145 153 155 161 166 165 162 161 160 151 146 143
330 332 335 336 338 340 335 322 307 308 324 338 314 267 315 30 45 50 50 31 8 299 268 296 11 26 48 52 30 53 46 39 39 44 88 104 107 116 133 144 154 161 167 170 172 164 163 163 156 151 148
328 329 330 328 329 332 329 321 312 313 326 340 338 325 38 60 68 68 54 41 356 276 14 47 50 38 22 321 86 50 30 32 37 43 86 114 109 119 132 144 158 165 170 171 175 168 166 166 160 154 150
328 327 327 324 324 325 323 319 312 311 324 351 9 12 55 71 83 76 52 49 24 243 222 96 72 56 34 352 72 13 354 7 22 38 74 118 112 116 129 146 159 168 173 174 175 173 173 170 162 155 151
327 326 324 322 321 320 317 312 303 294 294 313 3 7 68 112 164 123 76 65 115 225 198 126 96 23 347 352 24 9 335 344 10 36 69 124 117 117 132 147 159 167 174 175 172 173 176 175 164 155 148
326 324 322 320 319 316 309 300 285 265 252 242 321 349 135 201 187 120 90 105 146 217 191 114 53 332 317 345 15 6 327 341 13 50 73 119 125 122 132 147 158 165 171 174 172 172 177 177 166 155 146
326 324 321 319 318 312 303 289 271 253 243 236 259 300 198 206 169 72 64 125 167 205 178 99 33 326 322 1 44 29 355 0 40 75 86 119 128 126 134 146 155 164 168 169 176 178 179 179 167 157 145
325 323 320 319 316 309 299 285 267 254 249 241 233 234 204 175 165 86 57 122 168 197 197 87 45 347 336 90 117 72 37 28 59 90 101 122 139 133 135 146 155 163 167 164 168 176 180 180 167 159 147
325 323 320 318 314 307 299 287 268 249 220 156 185 219 206 165 163 139 71 124 158 189 213 77 53 357 345 105 104 67 55 45 53 90 110 125 145 139 140 147 156 164 165 165 167 172 178 178 165 155 144
325 323 320 316 312 306 300 289 269 217 164 145 154 217 223 192 216 181 66 117 148 181 205 76 87 348 342 334 63 35 40 36 36 71 119 129 148 148 144 149 157 163 166 167 167 168 175 175 161 146 139
325 323 320 315 310 306 301 292 273 217 147 117 115 230 219 235 257 277 74 110 142 179 212 45 44 335 341 339 330 337 359 13 18 52 129 135 149 150 147 153 157 161 166 167 166 164 172 171 157 153 146
325 324 320 315 310 307 303 299 268 228 144 76 64 214 211 268 283 289 74 113 138 177 198 14 336 324 336 343 301 293 326 7 8 49 134 132 147 152 148 151 159 162 164 166 165 160 165 163 151 149 145
326 324 320 315 310 308 306 309 245 219 146 50 36 158 188 268 273 248 38 117 136 168 194 1 336 321 324 163 242 277 322 11 18 114 138 131 145 152 149 149 162 164 164 165 161 155 157 153 145 145 142
326 324 319 316 312 311 308 309 238 224 316 20 43 131 172 206 256 48 31 118 156 201 255 18 348 313 314 170 302 329 331 334 358 110 126 124 143 153 152 151 157 159 161 161 156 149 148 144 138 140 138
326 323 319 316 314 312 307 304 242 236 334 354 111 157 293 240 246 52 32 357 204 225 267 35 8 324 334 352 336 330 321 312 318 106 111 120 143 155 153 153 155 155 159 158 152 146 143 136 132 134 132
326 323 318 316 315 310 303 297 227 193 344 309 136 111 298 248 15 59 345 320 225 220 293 21 8 343 347 350 330 317 321 316 310 122 120 133 147 155 152 153 155 155 157 154 149 145 140 131 127 128 125
326 323 317 315 314 307 299 291 209 174 8 17 65 56 309 211 73 48 303 336 269 217 285 19 13 352 348 341 316 306 317 334 7 124 131 142 150 152 150 152 155 156 155 152 149 146 138 128 125 123 119
327 322 317 314 312 303 294 280 208 215 344 27 43 37 322 262 54 60 6 26 258 210 273 35 22 2 347 331 308 300 311 340 68 128 138 146 149 148 148 151 155 157 154 152 152 150 139 128 124 122 117
327 322 317 313 309 300 291 271 218 222 33 35 23 9 267 254 336 75 65 346 218 217 298 35 36 26 7 327 299 295 307 339 75 131 142 145 146 146 146 149 154 158 158 156 158 157 144 131 126 123 117
327 322 317 313 308 299 284 253 222 236 40 32 19 335 252 244 227 91 78 217 194 208 27 39 49 57 63 333 290 292 302 328 55 129 143 144 144 143 144 147 154 157 161 163 164 164 152 137 129 127 119
328 324 319 315 309 301 279 239 266 12 27 20 6 320 283 269 238 156 135 146 132 24 21 31 49 66 83 1 302 301 304 320 20 124 143 146 139 137 139 145 153 158 164 170 174 173 154 138 132 126 118
329 326 324 320 313 305 292 276 305 332 360 6 359 337 314 302 295 144 140 134 38 16 23 35 52 69 84 12 322 313 314 328 19 112 132 136 135 138 142 148 155 161 166 169 171 166 154 143 135 126 118
331 331 330 327 320 309 298 288 280 271 351 49 44 36 340 308 328 12 42 24 22 51 68 72 78 84 100 94 323 317 321 1 55 92 112 120 128 137 146 153 159 164 168 173 174 169 159 148 138 126 117
332 332 333 331 324 313 294 281 277 266 325 31 13 30 347 317 329 346 92 59 85 103 97 97 108 122 143 148 128 340 344 17 54 84 101 113 119 136 147 155 160 165 167 175 179 175 166 153 140 127 119
332 333 334 332 326 318 304 290 284 273 317 35 20 49 306 311 328 341 63 54 99 108 100 96 101 113 138 145 13 343 353 12 38 69 89 106 114 135 148 155 160 164 168 178 183 181 174 159 144 130 120
