---
Surface Wind (10m AGL) Direction [deg] Valid 1000 PST ~Z75~(1800Z)~Z~ FRI 19 May 2017 ~Z75~[18hrFcst@1433z]~Z~
Model= RASP Region= PANOCHE Grid= d2 Reskm= 4.0 Indexs= 1 51 1 69 Proj= lambert 4000 4000 40.0000 40.0000 -73.0000 36.6487 -121.0445
Day= 2017 5 19 FRI ValidLST= 1000 PST ValidZ= 1800 Fcst= 18.0 Init= 12 Param= sfcwinddir Unit= deg Mult= 1 Min= 0 Max= 360
309 308 306 307 318 331 330 312 288 261 250 226 237 240 246 254 255 256 258 260 262 265 264 260 256 251 242 221 201 106 85 77 74 71 88 143 161 149 136 151 207 226 223 218 96 25 283 258 253 255 260
307 306 305 304 307 315 317 305 289 265 253 228 237 239 244 250 253 257 263 267 269 268 264 256 251 245 234 213 199 132 105 93 88 86 108 147 161 147 134 146 195 218 219 216 167 155 232 236 237 241 245
307 306 305 303 302 301 301 295 283 269 256 245 241 240 240 243 249 257 269 274 274 268 261 253 245 237 228 215 194 153 126 113 108 110 122 140 147 141 135 146 180 204 215 210 192 183 199 213 221 225 229
307 306 306 301 295 291 297 303 300 284 256 235 227 225 230 234 245 281 296 292 278 263 254 249 241 232 214 204 187 167 151 140 130 124 118 114 111 127 142 155 167 178 198 202 217 202 208 207 212 219 224
307 306 306 298 289 287 301 326 324 281 238 225 219 217 221 243 271 309 309 289 279 270 258 246 236 226 212 199 189 170 165 156 136 122 107 94 97 128 140 149 169 164 185 188 197 191 202 212 211 218 224
306 305 305 299 293 293 303 318 299 255 233 227 223 217 225 262 286 334 323 282 265 258 253 242 231 216 216 207 189 165 175 167 127 114 102 95 115 149 138 131 157 175 182 184 215 191 176 214 212 220 226
305 304 305 299 293 292 303 316 283 247 235 231 226 212 221 224 232 352 347 274 254 251 246 232 223 206 207 226 207 175 174 164 132 116 106 104 126 127 128 150 160 170 199 169 196 205 156 213 216 222 227
306 304 305 299 292 292 306 322 287 254 242 236 226 206 220 221 23 24 32 235 244 245 238 225 216 198 183 226 220 193 177 166 124 104 107 112 102 80 235 95 160 170 190 224 213 280 208 219 220 224 227
307 306 306 299 291 290 304 337 328 262 245 238 227 357 327 339 21 10 334 242 236 235 230 221 212 189 159 192 206 196 170 87 80 91 102 96 82 105 45 277 226 179 165 167 254 262 226 222 223 225 226
309 308 308 299 290 289 304 311 247 221 224 225 262 4 322 328 8 355 323 275 255 249 242 227 213 166 161 206 207 158 44 39 52 72 78 69 70 116 116 114 255 232 198 146 154 211 224 222 221 222 222
310 310 309 300 291 294 308 293 250 225 219 210 33 18 321 319 6 28 255 246 253 252 242 230 211 162 159 209 235 29 35 38 40 46 57 65 75 106 143 165 192 247 232 163 134 191 213 214 210 212 213
310 311 311 305 299 317 308 252 224 222 224 171 33 22 327 282 56 99 205 247 251 246 235 225 222 170 187 196 21 34 43 48 42 43 55 67 82 103 152 170 154 200 224 214 147 148 195 210 204 205 206
311 313 314 315 325 341 309 237 212 216 231 26 41 94 161 139 77 54 248 244 239 239 239 240 256 233 208 66 43 48 52 54 55 59 66 83 109 107 144 202 175 196 237 226 194 139 198 212 204 207 209
311 315 317 324 350 353 321 233 220 220 227 59 63 165 99 13 47 99 188 219 237 247 248 251 256 241 237 44 64 73 72 67 74 90 94 105 115 142 140 132 183 160 214 232 174 172 197 215 211 214 217
312 317 319 330 360 4 322 226 222 222 198 75 94 132 54 6 280 157 205 224 249 259 259 252 236 231 244 63 86 90 85 90 107 115 96 98 100 137 129 124 181 155 155 240 220 200 201 219 221 224 228
313 319 322 333 11 23 315 223 227 227 186 57 92 73 39 209 193 164 174 217 254 260 263 267 253 241 244 141 118 100 93 103 121 115 98 106 121 138 127 149 161 190 145 160 200 209 213 219 221 225 229
314 321 324 338 34 47 277 218 225 222 20 48 74 63 52 214 199 159 118 261 259 258 265 274 260 247 243 214 150 99 97 120 135 125 114 111 123 120 143 161 114 169 181 143 170 195 214 212 210 213 216
314 321 325 343 62 70 120 215 216 153 51 40 50 53 103 221 214 93 60 329 253 254 261 266 252 249 245 225 144 91 115 141 146 134 110 96 111 116 147 162 117 163 159 119 170 184 200 201 197 200 203
315 323 327 351 80 80 111 211 206 99 83 71 67 57 171 217 225 44 39 308 250 250 255 258 251 255 247 231 93 102 144 163 152 108 79 74 97 117 136 144 129 163 128 117 172 177 191 193 191 194 197
316 324 327 358 84 106 176 207 192 77 78 88 87 106 184 204 84 40 36 243 236 243 253 255 255 255 249 254 128 131 169 171 81 69 64 66 98 120 127 136 134 147 121 125 164 167 180 188 188 192 197
316 324 327 355 93 147 193 215 205 69 78 96 90 128 202 203 52 46 25 209 226 234 245 249 253 250 250 252 187 167 150 47 48 57 64 75 98 101 108 129 142 138 108 126 159 166 174 177 183 191 195
316 325 328 354 97 120 203 228 225 91 98 110 109 147 197 202 59 54 321 223 228 234 243 248 248 246 239 234 215 136 35 36 54 70 82 84 98 86 133 139 117 99 108 147 152 157 169 169 173 182 184
315 325 328 355 90 89 160 226 230 122 102 115 134 161 173 102 63 71 157 219 225 231 243 250 246 243 246 264 313 10 28 51 64 78 80 89 107 125 140 105 104 118 127 155 146 154 165 162 165 172 170
315 324 328 359 73 67 107 229 234 139 89 116 137 168 137 72 66 102 156 208 236 249 255 251 243 249 290 313 339 1 32 74 80 79 80 92 113 122 111 103 126 117 123 159 147 152 159 161 160 159 155
314 323 327 356 67 70 112 217 223 132 89 133 143 130 74 71 77 102 156 212 236 248 247 240 247 279 306 312 342 354 7 64 72 70 70 70 82 74 109 117 119 111 155 152 145 155 156 162 156 142 139
313 322 326 357 59 94 184 217 224 136 119 133 72 59 69 82 89 85 134 225 219 219 222 236 262 286 279 317 0 355 350 15 48 60 59 87 111 111 109 124 113 119 161 153 149 148 155 161 155 148 144
312 321 325 354 36 6 212 230 253 352 51 50 39 45 60 74 79 81 141 187 210 216 225 247 262 260 260 335 16 9 11 19 36 52 55 74 92 85 92 119 83 119 155 159 156 146 155 160 155 147 143
311 320 324 351 21 341 231 240 277 348 354 6 35 47 45 57 78 138 183 195 218 236 245 247 246 243 261 345 10 14 20 28 38 47 63 55 21 52 104 96 83 154 156 167 158 144 157 161 155 143 141
311 319 321 345 7 340 236 245 266 26 20 15 35 58 54 46 64 131 192 230 237 246 249 244 242 247 285 356 359 14 34 41 47 58 67 71 77 70 87 83 98 170 152 174 168 152 156 162 156 145 143
311 318 319 338 356 325 243 250 249 75 63 59 68 79 74 64 93 148 160 205 220 225 235 243 245 254 310 10 3 23 59 63 53 55 64 62 49 33 120 95 112 175 163 177 173 161 156 162 159 150 149
311 318 317 329 339 255 234 248 256 104 78 87 95 98 84 90 114 173 191 191 186 196 225 239 239 251 332 14 6 35 84 68 61 54 58 67 70 127 165 98 105 166 171 182 176 170 157 163 164 161 160
313 319 317 320 313 246 240 253 276 21 37 54 92 92 61 72 82 199 214 220 192 171 220 240 240 272 347 22 18 302 69 62 69 55 44 31 48 113 86 63 102 168 169 183 180 176 162 164 167 167 166
316 321 316 310 274 246 247 260 313 351 352 342 325 38 45 58 101 199 215 233 231 177 222 243 257 312 341 70 61 352 2 40 61 58 58 60 96 38 59 66 119 171 171 183 181 184 167 165 169 169 169
319 323 317 306 270 254 254 274 347 3 346 320 305 12 41 38 120 206 220 225 216 180 207 244 281 311 298 232 57 20 358 16 43 49 43 31 66 67 105 85 139 168 171 184 177 186 172 168 170 169 167
321 325 319 308 272 261 265 292 358 8 347 305 296 19 47 40 173 220 233 234 207 177 235 276 298 296 280 293 49 46 27 21 38 52 59 45 15 47 80 91 145 174 168 187 180 185 177 171 171 170 169
323 327 322 317 285 267 268 291 0 7 345 298 298 33 45 21 239 233 241 245 351 12 320 309 295 278 277 291 6 57 58 52 55 65 61 65 52 45 85 113 145 169 169 179 184 185 180 175 174 173 172
325 329 327 340 325 275 271 296 351 356 339 295 299 38 36 353 247 234 243 255 345 357 324 306 286 278 280 287 313 20 43 50 58 59 52 39 33 90 127 147 147 159 174 177 179 183 181 179 177 178 178
326 331 329 334 263 276 273 298 340 344 335 297 309 32 25 336 263 237 239 255 351 355 317 292 279 277 275 287 314 350 6 14 38 51 52 56 88 109 138 164 155 154 174 179 180 181 181 182 181 183 184
326 332 332 336 193 294 281 301 331 339 336 305 319 8 8 321 263 238 234 264 11 352 311 287 280 273 267 290 342 10 10 1 23 40 43 36 77 105 154 170 162 154 172 179 177 179 183 185 184 189 192
326 332 336 350 104 11 289 301 323 332 340 326 331 346 341 294 246 229 238 322 16 352 314 292 283 269 263 320 8 18 23 3 19 35 35 58 112 129 165 171 168 156 168 179 183 173 180 187 186 192 197
325 333 342 10 70 34 291 308 329 329 346 352 333 339 325 276 248 231 241 323 6 346 318 290 273 258 260 21 20 19 25 14 26 35 26 327 60 103 177 177 168 162 171 171 178 181 178 184 185 191 197
325 332 344 15 32 23 274 300 338 326 326 343 326 330 306 263 254 243 252 332 358 339 314 285 265 258 274 33 29 23 41 44 40 44 50 126 293 177 180 181 173 158 175 177 174 177 182 181 183 189 195
325 332 343 6 11 342 276 301 330 294 291 300 315 301 285 277 259 248 271 324 346 332 306 283 269 268 295 21 37 10 27 40 35 39 34 146 133 181 186 174 175 170 171 173 175 183 180 178 180 185 190
325 330 337 351 351 328 308 280 256 246 249 267 289 289 298 275 255 247 283 325 331 324 297 279 268 269 280 326 24 350 348 21 29 36 252 182 128 183 182 171 165 176 176 181 171 181 181 177 180 183 187
323 326 329 332 329 313 284 258 249 253 247 237 264 279 281 265 246 247 288 312 302 325 309 273 255 254 264 297 13 48 349 29 37 44 215 188 171 158 136 181 179 165 168 189 185 183 184 176 181 185 188
319 319 320 319 315 306 290 272 261 255 255 242 251 258 263 254 243 261 280 276 291 349 333 282 248 242 255 280 353 92 89 69 69 67 182 186 175 109 149 182 171 184 166 184 192 186 184 177 183 188 191
316 315 314 312 308 302 292 278 267 261 253 257 239 261 263 256 251 266 278 269 282 35 48 303 229 228 243 263 265 125 102 86 79 105 147 177 152 151 160 121 168 181 175 175 186 190 181 178 185 190 194
315 313 311 309 305 301 293 283 273 266 258 259 244 271 254 247 250 245 250 233 214 164 207 223 219 212 211 241 251 159 93 80 78 92 141 151 125 146 62 130 170 177 177 176 185 197 189 180 186 191 196
314 312 309 307 304 300 292 283 275 268 261 257 252 264 242 234 240 231 221 188 133 181 219 229 232 215 185 208 237 319 62 61 62 80 123 150 117 115 152 159 171 176 178 176 174 189 189 185 187 192 198
314 311 308 306 303 299 292 284 276 269 262 254 249 261 244 227 222 222 228 140 104 182 218 230 234 212 171 201 225 15 56 59 61 92 112 128 122 124 136 167 176 173 176 181 181 179 182 184 188 193 199
314 312 309 307 303 299 292 283 277 272 259 245 242 242 230 206 199 215 220 107 112 188 222 234 245 224 159 194 248 66 69 67 72 89 96 121 113 112 146 164 173 176 181 167 190 197 186 184 190 194 199
314 312 309 307 303 300 293 284 283 273 247 230 225 214 213 200 195 207 188 113 124 189 221 240 253 248 184 158 180 110 78 75 86 91 96 126 123 123 135 159 174 173 188 166 159 191 188 185 191 193 197
314 312 310 307 303 300 294 287 292 263 225 178 179 191 203 196 196 197 127 99 128 184 218 243 247 230 211 161 146 117 84 84 92 91 100 126 116 113 141 156 163 175 183 168 155 182 188 185 188 188 193
315 313 311 308 304 301 295 295 297 245 205 177 175 191 202 210 216 130 78 95 128 185 220 244 248 207 202 192 142 105 84 84 84 86 99 100 103 118 144 151 157 174 178 169 156 175 184 184 186 185 190
315 313 312 309 305 302 301 303 292 240 191 173 175 186 200 221 250 40 58 88 134 192 226 245 257 165 191 270 121 89 84 81 79 86 91 88 112 116 140 158 155 169 173 171 159 168 179 183 183 183 186
316 314 313 310 306 305 310 307 264 223 182 164 167 181 200 226 270 24 45 98 150 203 228 245 257 360 14 296 10 64 66 64 62 72 80 87 117 118 145 157 152 167 168 171 163 164 173 182 180 180 183
317 315 315 312 309 309 319 311 248 218 197 156 153 175 198 234 324 30 14 44 173 210 228 247 266 345 8 201 68 63 67 58 55 63 73 88 116 123 141 148 153 165 166 170 166 164 169 179 179 179 182
318 317 317 314 312 314 325 313 251 229 224 150 140 180 201 264 353 27 360 316 259 240 241 255 277 324 326 225 73 46 46 47 52 58 64 85 111 127 138 136 154 165 161 169 168 164 168 177 178 178 180
319 318 318 316 315 317 328 314 250 234 250 102 119 198 200 21 17 22 17 306 280 253 245 259 275 312 325 324 11 8 5 19 48 60 67 84 107 132 137 134 152 163 158 165 167 166 167 176 177 178 181
320 319 319 318 317 317 322 311 247 240 260 280 200 213 77 43 39 50 61 75 239 234 240 258 277 320 337 335 360 12 13 12 38 64 79 86 107 131 138 134 149 159 155 163 167 169 169 175 177 179 182
320 320 319 318 318 315 313 296 248 244 259 277 267 278 37 46 51 56 73 47 237 234 249 272 290 327 340 336 354 9 22 25 35 57 70 79 102 126 137 137 144 157 155 159 166 170 170 175 177 181 183
321 320 320 319 317 312 303 244 235 253 271 290 292 318 25 49 63 104 126 126 221 240 266 282 295 326 339 336 346 0 14 27 42 50 59 65 96 119 138 139 143 154 152 160 167 171 173 176 178 181 183
321 321 320 319 316 309 298 273 256 266 282 298 296 325 10 38 57 115 96 157 208 250 272 285 304 327 335 332 341 357 5 17 38 50 63 74 100 120 137 138 143 153 156 158 168 173 173 178 178 181 183
321 321 321 319 314 305 303 302 270 276 294 303 307 324 344 25 54 61 359 229 225 258 279 296 310 325 333 329 336 353 357 7 30 52 63 74 93 111 134 144 149 150 155 165 171 175 177 180 180 181 183
321 321 321 319 312 303 292 239 270 290 301 310 314 322 334 2 32 62 92 227 249 272 286 298 306 320 330 328 338 352 353 3 21 39 63 82 94 112 129 154 165 147 151 164 174 174 180 185 182 184 186
322 321 320 318 312 305 296 264 287 291 295 304 311 327 343 348 344 348 171 240 273 277 279 284 292 308 323 334 345 356 4 8 19 32 61 92 105 119 131 145 156 158 161 167 172 175 178 183 185 187 188
323 320 318 318 319 318 311 291 276 270 281 315 333 353 1 348 331 311 286 269 265 266 267 268 273 287 309 337 357 9 15 19 24 34 48 66 86 118 148 158 158 157 161 168 174 179 182 185 188 190 192
323 320 317 319 321 324 316 291 266 255 280 330 345 355 352 338 311 286 265 240 237 249 264 264 265 275 278 353 13 25 31 33 36 44 55 71 95 132 163 170 162 156 159 168 177 182 185 188 191 195 197
323 319 317 318 320 324 316 290 267 250 275 341 3 354 333 318 298 283 267 239 230 236 252 255 263 274 280 359 25 39 44 45 46 49 56 69 95 143 175 175 163 154 157 169 180 185 189 191 195 199 202
