---
BL Max. Up/Down Motion [cm/s] Valid 1200 PST ~Z75~(2000Z)~Z~ FRI 19 May 2017 ~Z75~[20hrFcst@1453z]~Z~
Model= RASP Region= PANOCHE Grid= w2 Reskm= 1.3 Indexs= 1 69 1 63 Proj= lambert 1333 1333 40.0000 40.0000 -73.0000 36.8890 -121.0672
Day= 2017 5 19 FRI ValidLST= 1200 PST ValidZ= 2000 Fcst= 20.0 Init= 12 Param= wblmaxmin Unit= cm/s Mult= 1 Min= -67 Max= 211
-18 -18 -17 -15 -15 -15 -16 -16 -15 -12 -10 -8 -7 -6 -5 8 10 11 13 12 12 13 13 17 31 40 44 49 46 39 27 28 25 17 15 12 11 12 18 24 24 19 -17 -20 -20 -19 -18 -14 -10 -10 -12 -13 -15 -8 7 12 11 -6 -6 -13 -18 -19 -14 -5 9 21 37 38 30
-17 -25 -17 -15 -13 14 14 -16 -30 -22 9 8 9 8 12 12 14 15 14 14 17 26 28 33 38 47 50 48 39 29 27 19 17 15 11 -10 -9 13 21 36 47 34 17 -16 -18 -22 -20 -15 -15 -18 -19 -22 -23 -8 11 29 21 7 -7 -12 -18 -17 -8 10 18 30 56 61 34
-18 -27 -17 -12 -12 -17 -22 -24 -23 -17 -14 -10 -8 7 10 12 15 17 15 13 16 18 20 21 31 41 38 35 32 32 28 24 23 20 13 5 5 9 16 30 37 26 -15 -20 -23 -24 -22 -19 -12 -11 -11 -13 -13 -5 7 16 12 -3 -5 -9 -12 -12 -7 5 12 23 40 50 30
-22 -28 -16 13 14 -21 -31 -32 -27 -21 -19 -12 -10 8 6 7 18 37 27 17 16 11 18 7 20 54 31 24 26 37 19 24 35 14 9 7 5 -6 10 23 47 40 -18 -21 -23 -24 -21 -18 -11 8 6 -4 -3 -3 -9 -12 7 -3 -3 -6 -7 -6 -12 -5 -5 8 23 33 17
-23 -26 -16 15 16 -19 -22 -16 -11 -10 -6 -6 -12 -10 -21 -28 45 93 31 6 -17 -33 14 -30 37 139 42 10 15 30 -41 -42 132 -33 21 -17 -7 -15 -11 -5 70 95 46 21 24 -19 -20 -17 -15 7 10 -10 -16 -6 -13 -41 59 -19 -20 10 -23 24 -51 -17 -7 8 14 20 7
-21 -21 -13 16 19 -24 -20 -14 -12 -7 8 -10 -16 -19 -19 58 91 23 -30 -34 -42 -17 21 -20 126 40 8 12 12 -32 -61 -48 105 -23 -35 -18 -12 -14 -20 -18 -27 10 48 -15 -18 18 -21 -22 -15 -24 -10 -6 -9 -13 35 -20 -14 -34 29 19 -26 15 16 -54 43 7 7 11 -5
-17 -12 12 16 18 -23 -21 -21 -13 13 16 -15 19 -15 93 78 9 -5 -33 -36 23 46 -8 37 97 27 14 -13 -33 -62 -40 -14 122 -31 -43 -17 -10 -10 -12 -5 27 10 37 55 -22 -20 20 -23 -18 12 15 -9 -10 -26 30 -11 -8 -56 52 -14 -28 26 71 41 -32 -7 -6 -7 -11
-16 -6 11 15 -17 -28 -29 -19 13 23 -12 -18 -22 71 105 9 19 -40 -60 22 43 57 -11 59 44 9 8 -26 -43 -43 15 -12 115 -29 -37 -9 -6 -8 -17 -14 -17 7 6 52 46 -21 20 19 -20 -11 17 25 -16 -9 -21 -7 -11 -48 29 43 -49 29 -23 -35 64 -5 -10 -12 -14
-16 -10 -10 -13 -21 -31 -21 11 13 -12 -19 -21 -19 168 -16 10 -17 -66 -22 65 54 17 -10 74 29 7 -13 -28 -23 -25 -13 -21 148 52 -22 10 7 8 13 14 14 -10 10 9 47 23 18 20 23 -15 -9 -5 10 21 -19 -27 60 -21 -5 -28 27 15 -21 -55 8 7 -6 -9 -13
-17 -15 -12 -15 -22 -24 -10 9 -19 -23 -18 14 91 80 5 -14 -36 -56 74 62 10 11 9 66 24 23 -22 -29 -18 -32 -17 -30 181 144 -16 7 8 18 18 -15 -12 12 14 -9 8 25 26 19 11 13 -14 -22 -16 28 -11 -35 32 -14 -32 -29 86 -48 -57 -61 22 13 7 -7 -6
-18 -18 -13 -16 -19 -14 -12 -18 -27 -23 58 99 157 -29 -15 -21 -62 -18 108 12 14 15 -5 34 14 21 -31 -29 -26 -29 -14 47 211 167 -30 -29 -25 -19 -20 -20 -17 -14 16 -14 17 27 32 21 -20 -18 26 -15 -25 23 -17 -37 44 17 -21 -50 62 38 -32 -40 49 15 14 14 -4
-17 -16 14 -17 -17 -17 -22 -23 -17 68 161 172 77 10 -18 -39 -67 57 44 -14 -13 26 12 -12 -11 -25 -31 -23 -21 -9 37 71 95 70 -66 -60 -39 -32 -30 -26 -23 -17 -17 -15 21 23 20 14 -12 -23 10 -13 -25 9 -21 -42 21 20 25 -26 6 85 43 34 29 7 9 10 -4
-14 -14 16 18 -15 -25 -22 -19 32 162 136 -55 -27 -15 -21 -43 -59 56 -21 -17 -19 35 40 22 -18 -29 -26 -11 11 26 25 -24 -38 139 54 -50 -35 -30 -26 -23 -23 -20 -18 -18 17 17 16 -22 -17 -14 -11 -10 -26 -21 -11 -31 13 -11 74 -15 -58 -20 -46 27 -45 -5 5 7 -4
-13 -13 17 19 -20 -30 -23 -21 45 170 -47 13 21 21 -18 -39 -34 72 7 -15 22 41 48 40 19 -17 -11 18 -12 9 -15 -8 27 184 133 41 -41 -28 -26 -27 -25 -20 -15 -15 -16 14 14 -13 -12 -8 -10 21 -16 -9 -20 -25 -30 -14 -29 26 -32 27 -24 68 -10 -6 -4 -6 -4
-12 -13 17 20 -25 -31 -23 -20 37 139 18 -5 14 25 -25 -47 26 64 16 19 23 45 40 21 -16 -11 18 11 -25 -4 9 29 -33 85 177 80 38 -36 -41 -42 -34 -26 -16 -9 -13 -14 -9 -8 -11 -12 -30 -8 -16 23 -12 -22 -7 44 -31 28 -26 -22 16 59 -29 -8 -4 -6 -3
-12 -13 18 21 -27 -29 -23 17 29 115 -18 -8 17 17 -34 -47 22 27 21 19 19 37 31 14 -9 -8 -3 21 24 27 5 15 -14 44 30 107 80 48 -42 -46 -43 -38 -28 -12 -7 -12 -10 -9 -10 -12 -10 -9 -16 -13 14 -21 -29 11 -23 22 6 3 16 41 -19 -10 -4 -5 -3
-12 -14 18 22 -25 -27 -20 16 31 107 -17 11 15 15 -35 -35 26 20 21 13 -11 12 8 12 13 -13 -8 9 34 22 -12 15 -11 66 39 14 146 92 102 49 37 32 -31 -24 -12 -13 -14 -16 -15 -11 -9 17 -14 -9 -4 -7 -12 30 -28 -17 8 -7 -14 51 13 -10 -5 -5 -3
-12 -13 19 23 -23 -27 -21 -19 34 113 -23 -8 12 -18 -25 22 46 30 15 -15 -20 -13 -21 -11 15 11 5 9 29 -10 9 20 -6 52 16 -17 -14 112 149 71 37 37 49 28 -19 -13 -12 15 -17 -14 -9 -6 26 -11 -16 14 -20 -28 22 -14 15 -32 14 5 -7 -8 -4 -4 -2
-11 -13 19 23 -23 -25 -21 -15 25 128 -21 -11 26 -21 -29 19 41 21 -16 -21 -23 -19 -23 -29 -6 20 17 11 -5 -24 41 17 10 47 -24 -48 52 -33 -30 -22 -29 -34 7 32 -19 -17 -15 -11 -6 -11 -9 -18 4 -8 -19 17 -10 -34 38 -33 11 -38 -23 -17 -13 -8 -4 -4 -3
-10 -12 19 23 23 -24 -18 -17 -20 125 -19 40 44 -26 -28 15 26 12 -17 -18 -20 24 17 -13 -13 17 12 -5 -25 -12 52 -18 29 32 -48 -27 90 43 -8 -25 -26 -16 -14 10 27 25 -24 -18 -16 8 8 -8 -12 -10 -23 -16 16 -33 44 -9 -13 -40 39 -9 -24 -7 -5 -4 -4
-10 -13 18 23 22 -22 21 -21 36 107 37 55 34 -33 -27 17 20 -12 -17 14 35 44 47 37 15 6 8 -16 -21 26 28 -36 52 24 -55 46 65 -15 40 49 31 -17 -11 -7 4 48 29 -26 -12 -10 5 15 -8 16 -18 -32 59 -28 8 25 -11 -45 11 -26 46 -6 -5 -5 -5
10 -14 17 22 22 19 21 -25 59 82 53 46 24 -33 -25 18 22 16 -20 -16 30 42 38 36 34 13 -17 18 32 40 -24 -29 76 -44 24 70 27 24 43 37 26 -16 -15 -10 -7 5 46 34 -21 -9 5 19 -13 27 -9 -29 16 -10 6 -6 -14 -50 53 -6 18 -7 -5 -5 -5
11 -15 17 19 19 -20 -22 -31 82 62 42 38 27 -29 -22 13 22 -18 -27 -16 23 24 12 10 23 -15 -14 -6 32 31 -34 21 71 -59 127 21 -16 28 18 -10 -13 -15 -13 13 10 -6 -6 31 -16 -13 -14 23 -16 16 11 21 -11 -12 -5 -8 -21 -29 -11 -5 -24 -8 -5 -4 -5
13 -15 18 20 -19 -20 -23 -31 99 54 23 40 30 -19 -18 10 15 -18 -29 -5 13 -7 -6 -6 13 -15 -8 -17 -13 -11 -15 73 48 -36 135 17 43 28 15 16 17 19 15 -10 -6 -4 -8 -5 12 -12 -11 4 -19 -13 -10 22 -7 -7 8 23 19 8 7 -26 6 -5 -4 -4 -5
14 -15 21 21 17 -20 -23 -24 105 59 30 47 23 -13 -19 10 10 -18 -24 10 -10 -11 -6 -8 17 33 26 -20 -23 -25 37 99 18 -23 98 47 43 36 28 27 22 18 -13 -11 -13 -12 -12 -11 10 -13 -15 7 -20 -13 -14 -5 -7 -18 19 -33 11 -6 -26 6 21 -4 -4 -4 -5
16 -14 23 23 18 -16 -18 -19 93 70 42 43 14 -13 -22 10 -9 -19 -17 12 -13 -20 -18 -15 10 29 41 18 -14 -34 59 100 -13 19 60 73 24 22 18 16 -13 -12 -13 -15 -11 -11 -15 -11 -9 -14 -16 -12 -15 -13 -22 11 -8 -39 58 -21 -12 -23 27 -18 -23 -3 -3 -3 -5
17 -14 24 24 17 -14 -17 -18 73 77 25 31 -11 -16 -24 -12 -13 -21 14 22 17 -21 -26 -16 -12 -12 17 30 7 -31 52 88 -30 21 17 89 14 -13 -9 14 -16 -16 -13 -13 -13 19 -13 8 15 17 -19 -8 -8 -20 -38 37 -29 -44 20 -11 -10 26 41 -22 15 -3 -3 -4 -5
18 -14 24 25 -17 -13 -16 -22 71 88 -28 29 -16 -20 -26 -15 -13 -19 19 29 35 33 -25 -14 12 -10 -5 12 12 -13 25 90 -22 12 6 41 25 -17 17 17 19 -18 -13 -13 -17 16 -14 9 12 38 -14 -9 -9 -12 -28 38 -11 -31 55 -16 -20 13 -17 -23 11 -3 -3 -3 -5
21 -13 23 24 -16 -13 -15 -22 75 97 -34 31 -7 -13 -18 -13 -14 -16 19 24 -20 24 -20 -13 15 25 17 -18 -19 -25 47 92 4 -11 15 15 18 27 20 9 23 -16 -14 -11 -14 8 17 -12 -10 24 -11 -9 -8 -11 -29 7 41 -17 -8 -27 50 -46 32 -7 -11 -4 -4 -4 -5
24 -14 21 21 -16 -14 14 -12 42 99 24 21 17 13 -16 -12 -14 -11 16 16 -20 -21 -16 -9 -9 26 35 31 -20 -45 106 79 9 -6 11 17 13 13 -11 -25 -6 -12 -14 -11 -9 -6 6 17 -11 9 -7 -20 9 -11 -22 -21 28 -12 24 -12 5 -21 30 -7 12 -5 -4 -4 -5
28 -14 18 17 -16 -13 -14 -14 -14 95 15 -14 -9 -8 -12 -8 -8 6 13 10 -17 -20 -16 -11 -12 -16 24 41 -15 -56 132 44 11 -10 13 12 -7 -9 -12 -25 -12 -11 -13 -11 -12 -10 -16 9 -10 -11 -17 -27 -9 -14 -23 -13 -27 -35 -12 -8 27 -37 -11 -23 -7 -5 -4 -4 -5
30 -13 18 15 -17 -17 -16 -20 -29 94 75 -16 -15 -13 -14 14 6 -4 5 5 -15 23 -18 -14 -15 -18 25 46 -12 -53 103 34 -20 -9 12 16 -12 13 14 -17 -14 -9 -10 -12 -18 -21 -27 -13 -10 -9 -14 -22 -9 -8 -15 17 -13 -27 20 -34 20 -36 67 -13 34 -5 -4 -4 -4
30 10 19 15 -14 -16 -17 -15 -35 73 111 30 -19 -12 -14 10 -4 -7 -8 -7 -15 23 25 -17 -20 -14 34 60 22 -45 77 89 -15 -8 11 34 16 24 22 -16 -12 -10 -14 -17 -21 -17 -19 -10 11 -12 -14 -11 -13 -9 11 -8 -9 -26 36 -26 53 -17 -38 -54 39 4 -4 -4 -4
31 -11 19 15 -12 -17 -17 -15 -21 -25 75 61 19 -11 -14 -5 -5 -9 -10 -7 15 25 -20 -19 -27 -11 30 61 23 -45 -26 175 74 -27 4 22 26 21 -17 40 -21 -18 -13 -15 -15 -13 -15 -13 -7 9 20 -12 -18 -13 32 -19 -22 -20 14 -38 31 -20 31 13 -39 -6 -4 -5 -5
28 -13 19 15 -13 -17 -17 -15 -17 -23 47 51 20 -10 -12 4 7 -8 -13 -8 18 31 23 -28 -36 -26 24 54 -16 -52 -34 144 113 -19 -20 -15 23 17 -39 48 40 -25 -19 -14 -13 -12 13 -11 -7 -8 -10 -11 -26 -17 16 -9 -23 -8 -12 -38 21 -8 -26 -25 -19 -5 -4 -5 -5
24 -13 19 16 -11 -13 -19 -24 -27 -22 42 35 13 -7 -8 7 10 -9 -14 -9 15 30 32 -22 -25 -43 -11 49 -12 -41 84 26 53 24 -24 -21 16 13 -37 -11 81 58 -21 -14 -8 21 -9 -8 -20 27 -10 15 -27 -16 -2 22 -27 -7 31 -16 -9 -30 23 13 30 5 -4 -4 -5
21 -12 20 17 -13 -13 -18 -28 -32 -25 19 20 12 7 -5 9 10 -10 -10 -7 10 25 39 26 -23 -44 -28 30 28 46 15 -9 10 44 -11 18 14 -14 -41 26 12 65 36 33 -12 20 -8 14 -23 8 -21 22 -36 25 -12 24 -13 -17 38 -23 38 -12 -18 -24 -47 -3 4 5 -4
20 -12 20 17 -12 -12 -15 -25 -26 -21 -12 8 7 8 5 8 9 8 7 8 11 23 43 35 -17 -24 -24 -13 38 31 36 -20 -18 -10 32 93 31 -11 -32 13 33 -4 -5 41 8 19 -8 16 -14 8 -8 9 -22 39 -46 55 34 80 23 -28 26 -20 16 50 33 -4 6 8 -4
18 -12 19 16 -12 -14 -21 -27 -23 -13 -11 -11 -6 5 -6 6 7 9 9 13 19 19 31 46 37 23 -23 -25 -16 -14 -17 -24 -23 -32 72 106 63 -13 -24 -7 27 16 -22 12 -6 13 -7 18 -11 -12 24 -29 17 -16 -16 -4 -37 6 40 43 -21 -12 -48 -24 18 -3 4 7 -3
16 -11 16 -14 -11 -14 -22 -25 -20 -9 -9 -7 -5 -4 -5 -10 9 18 7 10 17 16 18 36 43 42 24 -36 -50 -43 -43 -32 -38 89 99 -10 34 -12 -28 9 -7 -9 -18 12 -8 11 -12 -8 -11 -26 28 -30 24 -11 15 -7 -15 56 -35 -12 30 11 -13 38 94 -2 -3 4 -3
13 -10 13 -11 -12 -15 -19 -19 -16 -9 -8 -8 -13 -8 -3 -9 11 27 12 7 14 22 19 18 28 37 32 -16 -22 -34 -45 -48 -46 48 -21 -24 40 -18 -24 -10 8 -18 -37 -9 -10 11 -11 -12 -8 -24 26 -27 16 -11 -17 -44 -21 18 13 -23 -26 -44 -27 -7 -52 -16 -4 -4 -3
11 -9 9 -9 -10 -10 -16 -18 -17 -7 -8 -11 -16 -8 4 -4 5 31 20 5 13 26 26 15 21 31 23 20 27 28 -22 -29 -47 -42 -38 -32 61 -19 -22 -16 19 -18 -41 12 -10 -8 -10 -15 -10 -27 28 -25 -10 35 -11 -35 12 -5 9 -15 36 -16 -16 32 -32 -6 -3 -5 6
9 -8 -5 5 -7 -10 -13 -11 -8 -6 -5 -7 -8 -4 6 2 5 24 22 12 13 20 18 13 20 26 15 14 24 36 35 -24 -50 -25 -28 -41 59 -30 -25 -19 -15 -17 -27 14 9 -17 24 -11 -8 -29 19 -34 10 -8 -21 -12 -7 -24 -13 -39 25 -8 -46 34 -22 3 5 5 12
7 -7 -6 -4 -7 -10 -13 -10 -10 -12 -11 -9 -4 3 -3 -3 8 8 8 18 14 17 13 14 18 17 10 11 -11 7 23 -16 -37 -19 -21 -34 83 -35 -17 -17 -15 -36 51 -19 12 -28 15 -7 -8 -25 11 -35 20 7 -25 42 -7 -12 11 -20 45 -16 -24 56 -40 3 9 11 12
5 -6 -6 -5 -6 -8 -10 -6 -5 -5 -9 -9 -3 -4 -4 7 13 -2 -4 19 12 12 12 13 16 12 -12 -11 -9 -8 -7 -9 -22 -19 -16 -42 108 -26 -13 -18 -15 -34 19 -18 -10 -11 -17 6 -8 -19 -14 -21 -8 -16 -39 17 -12 -23 -15 -16 12 -15 -29 33 -15 -4 3 5 8
4 -4 -5 -7 -7 -7 -7 -6 -7 -8 -15 -17 -5 5 8 -4 -5 -8 2 22 17 9 7 13 16 14 -8 -13 -8 -8 -9 -14 -13 -11 14 -33 113 39 -10 -18 -26 33 -9 -12 -29 8 -12 -9 -16 -15 -17 -9 -19 50 -29 65 -8 55 -4 11 76 -10 -23 -22 87 -4 -5 -4 -4
-4 -5 -6 -7 -7 -6 -7 -8 -8 -7 -15 -21 -5 7 -5 -10 -6 -11 1 27 23 9 -9 13 8 18 18 -21 -25 5 -9 -14 -13 -8 12 -14 29 83 -30 -21 -45 24 -16 -13 -12 -10 -9 -12 -13 -14 -13 -26 -23 -5 -27 -28 -40 9 -30 -22 -27 -32 -44 -23 14 -10 -8 -10 -8
-4 -6 -5 -5 -8 -8 -8 -6 8 -9 -18 -20 -4 -7 -12 -15 -2 -5 20 26 12 16 21 9 -3 28 42 -25 -30 32 32 16 -13 -17 -28 -10 -54 58 59 -21 -39 61 29 22 -15 -14 -8 23 14 -10 17 -27 43 -25 15 42 -16 8 10 56 32 -10 -9 14 53 -7 -9 -10 -8
-3 -6 -5 -3 -8 -8 -7 -6 11 -13 -19 -16 -10 -16 -14 -11 -4 7 35 -12 -19 15 30 12 -15 26 41 -29 -28 -10 18 -21 -23 -29 -40 -30 -19 7 53 -23 -47 79 -21 -17 -12 -14 -11 -13 -15 -22 -15 -21 -13 -31 44 -15 20 -32 5 -49 -9 13 -13 14 -32 -9 -9 -10 -7
-3 -5 -4 -3 -7 -8 -13 -14 -15 -19 -19 -13 -13 -12 -10 -6 -4 19 19 -23 -31 -21 13 -22 -20 -14 -22 -37 -25 -16 21 -21 -19 -21 -36 -31 -17 37 81 30 -20 53 21 19 -11 -13 -11 -11 -12 -21 -19 -22 -14 -25 -25 -45 94 -8 21 -8 -11 11 5 11 66 -7 -10 -10 -6
4 -7 3 4 -6 -11 -17 -21 -27 -26 -12 -12 -16 -16 -13 -8 -6 19 25 -31 -53 -35 15 34 -24 -32 -21 -16 -20 24 26 -18 -13 -13 -18 -27 -22 63 148 33 -11 -12 -11 -13 -9 -7 11 -8 -9 -10 10 6 35 -7 -14 -11 -8 -33 -13 9 -12 -9 -7 -41 21 -12 -9 -9 -6
5 -8 6 6 -7 -9 -11 -16 -25 -24 -7 -9 -12 -10 9 -11 9 38 43 -23 -35 -14 30 52 -28 -42 -16 -20 -20 -20 24 -18 -14 -16 -22 -27 -20 46 94 -20 -25 10 48 -19 12 -10 -14 -13 -3 -4 -7 -13 -13 -20 -45 44 18 24 -40 15 -37 77 58 10 72 -8 -7 -7 -8
7 -7 9 8 -10 -10 -12 -18 -30 -30 -13 -10 -11 -8 -7 9 13 27 32 -15 -11 20 24 23 -23 -23 -18 15 -14 -18 -24 -24 -20 -19 -22 -24 -20 -20 160 -19 -37 52 15 -17 -13 -14 -15 -9 -8 7 -5 26 33 -18 -12 7 -45 101 -11 10 -35 -43 -7 -33 10 -7 -5 -6 -8
9 -7 12 11 -10 -10 -12 -21 -37 -34 -18 -12 -8 -5 12 22 24 30 24 -10 -7 12 12 -14 -18 -17 53 30 19 -20 -18 -23 -25 -25 -22 -16 7 -13 -20 40 26 29 12 20 21 20 -16 -13 -16 -25 -30 -25 -11 -32 -12 -32 21 18 7 55 -23 -47 71 38 9 -5 -4 -6 -6
13 -8 15 14 -10 -11 -14 -20 -33 -32 -14 -12 -11 -7 11 18 20 18 12 8 -8 11 -16 -19 -19 -14 29 72 -25 -27 -20 -21 -21 -21 -14 -12 -18 -21 62 67 17 -7 -10 -10 -8 -10 -11 -11 -12 -12 -15 -11 -5 -21 37 -24 -28 -35 21 10 -15 -12 -9 -15 -17 5 3 2 -3
14 -8 17 14 -9 -11 -16 -20 -26 -25 17 28 33 45 30 18 18 15 14 15 15 -15 -18 -19 -16 -17 -17 69 67 -26 -18 -13 -13 -14 -12 -15 -17 -16 156 75 21 27 21 16 13 17 13 15 11 -11 -11 -10 -11 -21 -17 -17 18 -38 -22 29 37 48 -7 -9 -11 9 7 7 5
15 -8 17 -15 -10 -13 -18 -21 -30 -25 38 47 24 34 23 13 15 14 12 11 -11 -14 -17 -15 -17 -19 -20 -16 93 28 -18 -13 -12 -14 -13 -15 -6 -5 140 38 28 14 11 -10 -7 6 5 -5 6 9 14 -10 -11 -22 -22 -27 16 -16 85 -29 -4 -23 -20 -14 -30 1 -2 -3 4
15 -8 16 -19 -14 -13 -15 -17 -17 25 72 9 -10 -29 -19 12 16 14 13 13 13 -16 -17 -18 -20 -20 -19 -12 96 46 -15 -13 -13 -13 -12 6 5 17 65 64 17 -13 -16 -15 -10 -8 6 -6 -8 -11 -12 -6 -9 -10 11 10 -5 8 11 -4 14 9 -11 -10 -13 -7 -8 -8 -3
15 -9 15 -18 -12 -11 -15 -18 -14 -9 12 -26 57 -19 -28 8 10 12 12 -14 -15 -17 -17 -14 -14 -11 15 -8 76 85 25 -10 -12 -11 -7 10 -7 67 34 30 23 11 -12 -13 -11 -8 7 12 8 10 6 9 16 11 -4 36 20 4 -4 -12 -5 -6 -16 35 25 -13 -14 -15 -6
15 -10 12 -11 -21 -24 -15 -11 -9 9 12 13 18 11 12 14 14 16 -16 -18 -22 -20 -20 -18 -16 -8 -7 8 15 20 20 19 19 16 12 12 15 14 12 11 10 9 7 8 8 7 5 4 -4 -5 -7 -9 -14 -13 -15 -23 -22 -16 -11 -8 -5 -5 -7 -18 -17 -10 -11 -12 -6
15 -11 9 -13 -21 -19 -12 19 10 -7 -6 -8 -15 -13 -7 11 15 17 18 15 -11 -15 -16 -15 -12 -11 9 15 19 19 18 18 18 18 17 21 28 35 25 13 -7 -10 -9 -8 7 -7 -10 -5 4 9 4 -6 -8 -8 -10 -10 -10 -8 -7 -8 -11 -15 -12 -10 -6 -6 -8 -11 -5
15 -13 -7 -13 -22 -20 -18 27 -12 -11 -15 -20 -27 -25 -20 -13 16 20 19 17 15 10 -13 -9 6 6 9 15 19 19 16 18 19 20 19 22 28 42 26 12 -13 -17 -14 -11 -10 -9 -14 -8 5 14 6 -6 -9 -9 -13 -10 -8 -6 -5 -8 -15 -19 -14 -12 -5 -5 -7 -10 -5
14 13 -12 -13 -18 -16 21 21 17 -5 -9 -15 -15 -15 -14 14 16 16 15 -14 -16 -15 -14 -13 -11 -9 7 13 17 17 17 17 16 14 13 17 26 27 21 9 -12 -13 -14 -14 -12 -11 -11 -8 -5 7 4 -6 -10 -10 -8 -7 -6 -5 -5 -5 -9 -11 -10 -6 -5 -5 -8 -8 -6
