---
BL Max. Up/Down Motion [cm/s] Valid 1600 PST ~Z75~(0000Z)~Z~ FRI 19 May 2017 ~Z75~[24hrFcst@1443z]~Z~
Model= RASP Region= PANOCHE Grid= d2 Reskm= 4.0 Indexs= 1 51 1 69 Proj= lambert 4000 4000 40.0000 40.0000 -73.0000 36.6487 -121.0445
Day= 2017 5 19 FRI ValidLST= 1600 PST ValidZ= 000 Fcst= 24.0 Init= 12 Param= wblmaxmin Unit= cm/s Mult= 1 Min= -89 Max= 162
0 0 0 0 0 1 1 2 2 3 4 5 6 6 -8 -10 -11 -11 -10 -10 -10 -8 -7 5 5 5 11 20 27 29 30 30 22 10 4 3 -3 -3 -2 -1 2 5 9 10 9 5 -5 -5 -6 -9 -9
0 0 0 0 0 0 0 0 0 0 4 6 7 6 -9 -13 -12 -12 -12 -12 -12 -10 -7 6 7 11 16 26 30 31 37 34 19 7 4 -3 -7 -9 8 6 2 2 6 9 8 5 -5 -4 -4 -7 -9
0 0 0 0 0 0 1 0 0 0 4 7 8 -8 -13 -13 -13 -12 -10 -9 -7 -5 6 8 10 14 19 26 30 29 25 26 20 10 7 4 -3 -6 -4 -2 -1 1 4 7 7 6 4 -3 -3 -6 -9
0 0 0 0 0 0 0 0 0 0 0 7 8 -10 -17 -15 -11 -9 -4 4 6 7 9 13 19 23 28 33 30 36 28 21 18 10 5 1 -6 -7 -2 -3 -2 3 9 5 -4 9 -4 4 -3 -6 -8
0 0 0 0 0 0 0 0 0 2 6 10 11 -11 -10 -9 -13 -17 -14 -9 -5 6 7 8 12 37 51 67 27 111 129 28 -6 -9 -11 -15 -24 -16 -7 -14 -7 -13 39 13 -21 8 -23 6 -4 -5 -7
0 0 0 0 0 0 0 0 0 3 6 10 10 -13 -11 -9 -12 -17 -16 -9 4 6 9 11 14 42 19 6 -20 33 31 -10 11 -7 -8 -8 -7 -16 -10 -8 -16 -34 27 28 -13 -11 -11 3 -4 -6 -7
0 0 0 0 0 0 0 0 0 3 6 12 -11 -16 -13 -10 -16 -18 -12 -6 -4 9 12 14 18 29 15 13 -20 70 61 -9 -7 -8 -7 -7 -7 -8 -8 10 -18 -27 33 32 -8 -13 -10 -4 -4 -6 -7
0 0 0 0 0 0 0 0 3 5 9 16 -14 -19 -11 -11 -19 -19 -12 -6 9 13 14 17 45 37 36 7 15 114 48 16 11 15 12 -8 -6 7 -14 19 -8 -29 22 15 -9 -14 7 -5 -5 -6 -7
0 0 0 0 0 0 0 0 0 4 12 20 -19 -21 -6 -13 -18 -19 -9 6 14 13 29 63 75 13 20 -16 74 138 14 18 17 8 8 -9 -7 11 -17 16 -4 -9 16 16 -10 -11 -7 -5 -5 -7 -7
0 0 0 0 1 0 0 0 0 6 17 18 -29 -24 -2 -12 -20 -18 7 14 18 22 82 84 12 10 7 14 135 30 29 29 17 -8 -9 -9 -7 -6 -23 15 -14 6 -9 18 -10 -13 -10 -5 -6 -8 -7
0 0 0 0 0 0 0 0 3 11 23 -21 -41 -26 -9 -11 -17 -16 7 12 11 40 61 25 14 32 -21 70 101 28 36 23 -11 -12 -11 -10 -8 -10 -24 17 -18 17 -16 8 -10 -11 -12 -5 -6 -8 -8
2 0 0 0 0 0 0 0 5 17 25 -31 -48 -16 9 -12 -15 -11 3 9 16 60 74 38 31 -8 17 136 18 37 22 13 -14 -13 -15 -17 -12 -16 -17 19 -14 19 -21 7 -9 -11 -10 -6 -8 -8 -9
4 0 0 0 0 0 0 -3 11 28 21 -43 -38 11 -10 -13 -15 -13 7 24 76 107 44 10 -12 -26 38 127 24 22 -14 -17 -17 -16 -14 -19 -14 -14 -10 16 -7 18 -17 -8 -16 -10 -7 -6 -8 -9 -10
6 0 0 0 -1 0 0 -4 9 21 -12 -34 -24 -7 -11 -12 -18 -19 23 100 132 23 -10 -9 16 15 74 82 -23 -16 -17 -25 -29 -15 -13 -14 -16 -9 -6 11 -6 20 -11 -7 -7 -4 -7 -7 -8 -9 -11
6 0 0 -1 -2 0 0 5 11 17 -16 -32 -21 -7 -13 -6 -8 -21 81 122 -9 -10 -3 15 15 17 91 22 -18 -12 -20 -20 -8 -9 -9 -9 -12 -5 -10 6 -8 14 -7 -6 -10 4 -9 -9 -9 -9 -11
6 0 0 -1 -3 0 0 7 13 12 -17 -24 -15 -9 -8 15 25 89 146 -25 -10 12 10 9 9 32 84 48 14 13 19 -8 -11 -11 -12 -8 -8 -6 -7 -9 -9 10 6 8 -7 6 -11 -9 -9 -10 -11
6 0 0 -1 -3 0 0 7 13 -11 -21 -22 -18 -16 23 41 162 150 -27 -34 8 12 12 13 17 51 32 139 72 27 20 39 21 -11 -9 -4 -6 -7 -9 13 -13 11 -7 -5 -10 -5 -13 -7 -9 -10 -10
3 0 0 -1 -3 0 0 7 10 -16 -22 -17 -13 -11 28 139 142 -18 -29 -20 9 13 15 15 20 21 -27 58 149 26 32 60 -28 -14 -10 5 6 6 -6 15 -15 8 -12 -6 -9 -7 -15 -4 -7 -9 -9
-3 0 0 -1 -3 0 0 13 -11 -24 -24 -13 -9 34 98 162 -22 17 -33 -8 9 13 9 10 13 -17 -30 59 21 -52 -11 -33 -27 -20 18 -10 -6 9 -7 23 -11 9 -20 14 -9 -8 -15 -3 -5 -7 -6
-6 0 0 -1 -3 0 -4 16 -12 -26 -26 -16 62 147 131 -17 -14 -19 -24 -7 8 -10 -12 -14 -17 -20 -13 86 -46 -14 42 -33 -15 37 26 -8 4 10 -5 17 -6 11 -19 17 -9 14 -11 4 5 -7 -5
-7 0 0 -2 -4 0 -2 12 -12 -23 -29 48 149 46 -22 -19 18 -20 -20 -12 -13 -13 -12 14 18 11 33 84 -12 128 -30 -15 46 43 20 -6 3 13 -5 -6 -7 11 -16 -5 -7 11 -7 -3 4 -6 -5
-7 0 0 -2 -4 -5 0 11 -10 -26 -30 102 74 -18 -16 -22 18 -27 -22 -11 -12 -11 -7 14 20 47 70 75 129 50 -14 49 49 27 10 -9 -3 14 -7 -9 -9 12 -12 -15 13 -11 11 -3 3 -5 -6
-7 0 0 -2 -4 -3 0 13 14 -23 47 97 -32 -17 -21 -24 -20 -27 -26 -17 -16 -11 10 18 32 69 26 -12 27 -9 36 47 33 8 -6 -8 -8 7 12 -9 -14 11 -8 -22 19 -22 20 -3 -2 -5 -7
-8 0 0 -1 -3 0 0 16 16 -7 57 40 -20 -21 -18 -16 -11 -17 -25 -19 -16 -8 11 23 29 23 22 6 -6 31 34 20 11 -8 -8 -5 -13 -11 19 -8 -12 7 -8 -19 15 -21 25 -5 -3 -4 -7
-10 0 0 -1 -3 0 0 18 -14 41 43 27 -30 -20 14 -11 -10 -8 -15 -14 -12 -6 7 24 21 -11 53 -14 19 44 28 -9 -14 -15 12 -10 -17 -14 27 -8 -11 -6 -7 -17 12 -21 29 -7 -4 -5 -7
-12 0 0 0 -2 0 6 -17 -8 97 58 -39 -24 19 17 -13 -14 -8 -12 -11 -20 -20 -17 26 27 15 82 10 28 33 12 -11 19 25 14 -11 -12 -18 29 -8 -11 -8 -9 -13 9 -15 23 -5 -4 -4 -6
-16 0 0 0 -2 0 6 17 8 78 -21 -28 24 34 17 -10 -9 -9 -13 -18 -32 -30 -15 22 23 43 100 21 46 12 -14 12 28 25 11 -6 -7 -22 27 -9 -10 -9 -11 -8 3 -11 14 -4 -4 -3 -5
-21 0 0 1 -1 0 8 20 18 63 -15 26 50 37 17 20 19 -8 -11 -17 -26 15 36 35 62 117 37 13 38 52 -11 21 26 18 6 -5 -8 -28 25 -9 -10 -7 -14 -7 -4 -10 10 -4 -3 3 4
-28 0 0 2 0 1 9 18 24 56 19 39 43 38 -11 17 17 -7 -8 12 13 50 67 32 83 86 -19 12 -16 48 64 20 16 12 -5 -6 -10 -26 25 -11 -9 -8 -13 -4 -9 -11 7 -4 5 6 6
-38 0 0 3 2 4 13 18 32 60 14 14 10 27 -11 7 -8 -10 -17 -14 -10 42 5 -16 29 78 16 15 -19 18 68 26 -7 7 -6 -9 -16 -17 16 -14 -7 -10 -7 -3 -11 -11 3 -4 -3 -4 5
-49 0 0 0 3 7 17 21 50 70 20 -22 -31 -17 -24 -21 -13 -10 -23 -34 -24 -26 -11 -16 22 43 32 26 20 -14 16 14 -12 -7 -10 -13 -16 8 -2 -11 -7 -12 -3 -5 -17 -9 3 -4 -4 -5 -3
-62 0 0 0 4 9 21 37 30 -19 -22 -31 -40 -22 -33 -25 -9 -10 -15 -25 -23 -21 -9 -13 -14 15 12 18 49 -29 -17 11 -14 -8 -10 -11 -15 13 -17 -5 -6 -8 4 -6 -17 -5 -3 -6 -4 -5 -4
-74 0 0 0 0 9 16 20 8 -17 -14 -21 -28 -19 -27 -17 -7 -18 -16 -14 -16 -15 -9 -11 -16 -10 -13 -16 77 -8 -22 18 12 -7 -7 -7 -11 6 -21 21 -12 -2 7 -9 -19 6 -5 -7 -5 -6 -4
-88 -2 0 0 -8 -9 -18 -17 26 18 33 21 -16 20 39 20 -7 -20 -20 -19 14 -14 -13 -11 -17 -13 -20 -28 52 29 15 20 18 9 -4 9 -10 -9 -17 20 -12 4 8 -11 -11 9 -7 -8 -6 -7 -5
-89 -1 0 0 -6 -9 -17 -13 29 28 32 24 21 21 34 15 -7 -13 -17 -21 13 -12 -14 14 23 -13 -17 -11 -26 23 25 13 34 -9 -7 19 -11 -6 -13 8 -6 6 -4 -14 -5 6 -6 -7 -7 -7 -5
-80 0 0 0 -5 7 13 14 24 23 17 13 17 10 21 8 -8 -10 -12 -19 11 -9 -12 17 17 -15 -19 -14 -17 -32 17 -12 39 -6 -17 24 -10 10 -14 -5 -5 5 -4 -13 5 -4 -6 -6 -7 -8 -5
-57 -1 0 0 0 6 12 9 9 12 -8 6 -9 -10 13 -7 -10 -8 17 -15 -10 15 14 12 10 -12 -17 -17 -12 -20 -16 -18 27 12 -25 25 -8 11 -13 -6 -10 -4 -4 -11 4 -9 -6 -5 -7 -9 -5
-40 0 0 0 0 7 13 8 -7 -6 -7 6 -10 -17 -13 -6 -8 9 13 -10 -9 18 10 -7 9 -10 -13 -18 -12 -6 16 -6 12 22 -22 21 -5 -7 -10 -6 -9 -5 -5 -9 -5 -13 -5 -4 -8 -10 -5
-25 0 0 0 0 6 11 -6 -6 -7 -6 11 13 -17 8 -4 6 10 9 -10 -9 17 -7 -8 8 8 -11 -17 -10 7 20 5 9 22 -12 15 -6 -9 -8 -6 -7 -5 -7 -9 -6 -18 4 -2 -5 -8 -4
-15 0 0 0 -1 0 5 -7 -4 7 8 11 14 15 6 -4 -6 8 10 -14 -15 16 -5 12 11 9 -13 -16 -9 14 15 -11 5 26 -2 12 -6 -8 -8 -6 -7 -6 -9 -7 -7 -20 13 2 -4 -6 -4
-6 0 0 2 0 -1 4 -7 6 8 5 6 11 9 2 -3 7 9 6 -18 -16 13 6 11 10 9 -13 -18 -11 9 -8 -13 -3 37 12 11 -7 -7 -9 -6 -9 -8 -10 -7 -10 -15 15 -2 -3 -5 -4
-1 0 0 1 0 1 1 -2 5 7 5 2 2 1 -1 4 10 13 -7 -24 -18 9 9 13 12 -8 -13 -23 -16 -18 -11 -15 -7 46 20 13 -7 -8 -9 -7 -11 -10 -11 -7 -12 -7 11 -4 -4 -5 -4
1 0 1 1 0 1 0 2 2 6 6 2 -2 -2 -2 4 11 14 -7 -32 -22 6 11 22 28 15 -17 -33 -26 -26 -14 -20 -9 56 26 10 -7 -8 -9 -8 -11 -11 -9 -6 -12 -6 7 -5 -6 -7 -5
2 0 1 1 0 1 1 1 -1 0 2 2 -3 -1 1 4 10 11 -14 -30 -13 5 10 25 36 26 -16 -37 -37 -23 -23 -29 -13 73 27 -6 -9 -9 -10 -9 -11 -8 -9 -7 -10 -3 5 -6 -7 -9 -6
2 0 0 1 1 1 1 0 -1 -1 0 0 -2 0 1 4 8 5 -12 -13 -7 -4 13 18 28 22 -15 -32 -41 -18 -15 -27 40 84 18 -8 -11 -10 -11 -8 -13 -8 -13 -5 -4 3 -4 -5 -7 -9 -6
1 0 0 0 1 1 0 0 0 0 0 0 0 1 3 4 5 -2 -6 -9 -10 -6 14 14 19 15 -15 -20 -27 -27 -14 -21 83 66 -5 -10 -13 -13 -12 -7 -12 -8 -19 11 15 -3 -12 -4 -8 -9 -5
0 0 0 0 0 0 0 0 0 0 0 0 0 1 4 4 3 3 -6 -13 -13 9 8 10 9 -6 -8 -9 -17 -25 -27 -23 93 32 -7 -11 -13 -11 -17 9 -12 -6 -20 31 3 -19 -12 -3 -7 -8 -5
0 0 0 0 0 0 0 0 0 0 0 0 0 1 2 2 3 8 2 -24 -19 17 19 17 7 -8 -6 7 -17 -26 -32 58 82 8 -10 -11 -12 -10 -20 17 -15 -4 -9 36 -6 -16 3 4 -3 -6 -6
0 0 0 0 0 0 0 0 0 0 0 0 1 1 1 1 7 13 -7 -35 -21 31 22 18 -9 -14 -10 -14 -22 -25 -25 97 23 -6 -9 -9 -10 -8 -20 20 -17 9 3 21 -15 -12 12 6 5 -4 -6
0 0 0 0 0 0 0 0 0 0 0 0 1 1 -1 1 10 15 -12 -39 -18 22 21 18 -12 -15 7 14 -15 -24 69 78 5 -6 -8 -7 -8 -7 -20 19 -15 14 4 7 -13 -4 6 6 10 6 -6
0 0 0 0 0 0 0 0 0 0 0 0 1 1 1 3 12 13 -18 -33 -8 22 25 16 -11 -11 21 84 77 100 75 8 -7 -5 -8 -7 -7 -7 -13 8 -6 9 -2 -2 0 -2 -8 -4 5 -5 -6
0 0 0 0 0 0 0 0 0 0 0 1 1 2 3 6 14 9 -23 -28 -8 18 25 12 -15 -8 43 54 19 21 14 19 12 -6 -7 -7 -7 -6 -8 -8 6 -4 -2 -2 2 -6 -6 -4 -4 -5 -6
0 0 0 0 0 0 0 0 0 0 -1 8 3 3 6 11 14 -12 -19 30 50 11 18 13 -8 34 83 48 70 32 29 20 14 -10 -10 -10 -7 -6 -8 -11 8 -4 -3 -3 -11 -7 -6 -5 -6 -6 -6
0 0 0 0 0 0 0 0 0 -2 -2 13 6 4 7 14 -11 28 64 48 48 61 67 55 48 81 67 106 75 18 25 17 10 -9 -13 -13 -8 -8 -10 -11 6 -4 -3 -3 -3 -7 -9 -4 -5 -5 -7
0 0 0 0 0 0 0 0 0 1 -4 9 10 4 7 15 -21 35 -21 -19 -12 11 23 19 22 -10 -15 63 14 -5 6 12 -9 -14 -12 -13 -11 -9 -10 -11 -5 -4 -3 3 -9 -12 -11 -4 -5 -7 -7
0 0 0 0 0 0 0 0 0 4 -8 10 9 6 10 14 -20 36 16 13 -7 -15 -9 13 -9 -11 19 10 21 -7 -6 -10 -12 -13 -15 -15 -14 -10 -9 -12 -4 -5 -3 2 -5 -9 -8 -5 -5 -7 -6
0 0 0 0 0 0 -1 0 -4 5 -13 -8 27 7 10 11 27 34 12 -7 -9 -9 7 14 -10 7 10 33 20 -6 -5 -6 -8 -13 -16 -15 -13 -10 -11 -11 -4 -5 -3 -3 -8 -10 -7 -6 -7 -11 -6
0 0 0 0 0 0 0 0 2 7 -13 -11 64 20 -10 5 62 24 -13 -11 17 11 12 17 -12 14 14 -9 -9 -9 -15 -11 -9 12 -14 -14 -12 -9 -9 -10 -10 -5 -4 -4 -7 -5 -6 -7 -8 -13 -6
0 0 0 0 0 0 0 0 3 9 -10 -9 -19 53 60 99 25 19 -13 -10 14 14 19 18 -11 19 -8 -9 -10 -7 -9 -11 -10 13 -12 -13 -11 -10 -10 -7 -7 -4 -4 -6 -9 -6 -6 -9 -11 -15 -6
0 0 0 0 0 0 0 0 4 8 7 -8 -13 -15 60 32 -18 -13 -17 -13 -12 -8 14 13 -12 12 -6 -8 -8 8 12 20 14 11 -12 -13 -11 -9 -8 -11 -6 -4 -5 -7 -8 -5 -6 -9 -10 -13 -6
1 0 0 0 0 0 0 0 3 6 -6 -7 -7 12 -11 17 -13 -12 -15 -13 -11 -8 12 -15 -13 -9 -8 -8 7 11 6 13 13 -10 -14 -13 -10 -8 -7 -8 -5 -5 -6 -7 -6 -6 -10 -8 -8 -11 -6
1 0 0 0 0 0 0 0 4 5 5 -6 -5 -8 -9 -7 -10 -7 -8 -9 -7 -6 11 14 -14 -12 -11 -7 8 14 8 10 7 -9 -12 -13 -9 -7 -6 -9 -4 -5 -6 -7 -6 -6 -10 -5 -6 -9 -6
0 0 0 0 0 0 0 1 3 5 5 -5 -5 -6 -10 -5 -6 -7 -4 -7 -4 4 7 12 -15 -14 -11 8 12 16 11 11 -7 -9 -11 -11 -8 -6 -7 -7 -5 -4 -7 -7 -6 -5 -9 4 -5 -7 -6
0 0 0 0 0 0 1 2 3 3 4 4 -4 -6 -9 -8 -9 -7 -1 -4 3 5 7 10 -13 -14 9 10 15 14 8 10 -7 -8 -10 -9 -6 -6 -6 -6 -5 -4 -6 -5 -7 -6 -8 4 -4 -5 -6
0 0 0 0 0 1 1 2 2 3 3 3 -3 -3 -7 -6 -6 -4 -1 1 3 7 9 10 11 -10 8 9 14 11 7 10 7 -8 -8 -5 -5 -5 -5 -5 -5 -6 -5 -4 -7 -4 -5 2 -6 -8 -6
0 0 0 0 0 0 0 0 0 4 4 4 3 -2 -5 -2 1 1 -1 2 6 8 9 10 10 9 8 10 14 14 11 10 8 5 -4 -1 -3 -4 -4 -5 -5 -5 -6 -5 -4 -3 -3 -3 -5 -8 -6
0 0 0 0 0 0 0 0 0 4 4 4 4 4 -4 -2 -1 -1 -2 -1 5 7 7 7 7 -14 6 8 25 21 14 14 -8 -10 -12 -8 -6 -4 -4 -7 -11 -8 -7 -4 -6 -8 -10 -6 -5 -5 -6
0 0 0 0 0 -1 -1 0 2 3 -4 2 -3 2 -3 -4 0 0 -1 -1 4 5 4 -6 -10 -21 -11 5 30 19 13 11 -10 -12 -15 -11 -7 5 -4 -8 -13 -8 -10 -6 -8 -10 -12 -6 -5 -4 -6
0 0 0 0 0 2 4 0 2 -7 -9 -9 -2 -1 0 0 -3 -1 7 8 5 5 -6 -5 -8 -10 6 12 19 19 16 11 -6 7 -8 -8 -5 -4 -4 -7 -8 -7 -4 -3 -3 -5 -6 -6 -5 -5 -6
