---
Thermal Updraft Velocity (W*) [ft/min] Valid 0700 PST ~Z75~(1500Z)~Z~ FRI 19 May 2017 ~Z75~[15hrFcst@1429z]~Z~
Model= RASP Region= PANOCHE Grid= d2 Reskm= 4.0 Indexs= 1 51 1 69 Proj= lambert 4000 4000 40.0000 40.0000 -73.0000 36.6487 -121.0445
Day= 2017 5 19 FRI ValidLST= 700 PST ValidZ= 1500 Fcst= 15.0 Init= 12 Param= wstar Unit= ft/min Mult= 1 Min= 0 Max= 178
0 0 0 0 0 0 0 0 0 0 0 86 90 81 84 84 73 73 88 76 97 82 98 99 99 102 107 95 101 97 108 111 114 116 117 128 151 148 150 149 154 157 155 154 152 150 154 132 126 125 130
0 0 0 0 0 0 0 0 0 0 0 87 92 86 90 88 88 88 91 78 98 98 99 78 100 103 109 115 104 111 122 113 131 116 116 126 135 154 149 149 155 155 158 155 153 152 151 127 127 127 131
0 0 0 0 0 0 0 0 0 0 0 89 94 88 91 91 91 92 80 94 99 99 79 78 95 105 112 118 106 114 122 116 119 116 122 126 130 136 156 148 155 155 155 155 155 154 152 133 127 127 125
0 0 0 0 0 0 0 0 0 0 0 104 95 90 94 97 83 84 83 98 100 79 102 103 105 108 115 123 132 118 123 118 121 119 125 124 129 131 151 153 157 158 156 156 155 155 128 127 126 126 125
0 0 0 0 0 0 0 0 0 0 104 91 97 93 94 100 94 84 83 82 103 102 103 105 109 115 122 131 137 119 124 137 125 129 133 129 129 145 148 151 153 155 156 160 157 161 134 127 126 125 131
0 0 0 0 0 0 0 0 0 100 91 93 91 99 100 102 103 101 85 84 82 104 105 108 113 116 112 149 128 122 117 139 128 134 130 135 130 144 146 149 153 157 164 157 158 159 135 133 126 125 131
0 0 0 0 0 0 0 0 0 88 96 100 93 101 101 101 103 106 95 82 98 106 107 112 115 115 111 134 131 138 129 125 132 136 133 133 128 140 145 147 151 154 156 157 158 168 130 129 126 126 125
0 0 0 0 0 0 0 0 51 96 95 103 96 102 102 101 104 110 108 90 93 106 110 116 117 117 122 104 139 142 135 157 136 133 131 131 128 116 145 147 149 152 155 157 159 138 129 130 127 126 126
0 0 0 0 0 0 0 0 0 99 94 105 100 112 113 104 107 114 109 109 110 107 111 118 119 121 131 136 143 154 139 136 135 127 124 131 126 113 125 124 148 151 154 131 132 132 136 131 128 134 127
0 0 0 0 0 0 0 0 0 94 95 96 105 110 112 109 114 111 114 111 109 106 112 119 121 125 126 147 152 137 145 134 124 107 105 124 119 111 126 123 128 150 152 154 131 130 137 132 136 129 136
0 0 0 0 0 0 0 0 45 82 80 113 110 121 105 109 106 100 111 114 108 110 114 119 123 127 129 156 163 139 141 119 104 98 96 105 109 113 111 123 126 133 151 154 127 136 137 124 131 131 138
0 0 0 0 0 0 0 0 62 82 94 109 113 116 106 106 108 124 114 115 109 109 115 119 126 136 143 174 161 132 115 104 93 89 90 96 102 107 110 121 124 138 150 153 158 137 132 132 133 133 139
0 0 0 0 0 0 0 60 83 86 96 105 112 106 105 105 105 101 108 117 110 106 110 118 101 135 160 161 148 118 94 86 84 86 90 89 99 105 109 110 122 130 138 152 136 131 131 133 133 134 134
0 0 0 0 0 0 0 65 96 80 98 106 115 105 108 104 99 105 118 112 106 105 102 112 99 142 157 145 138 103 90 81 81 84 86 82 106 104 145 108 119 127 135 149 135 136 137 138 134 134 137
0 0 0 0 0 0 0 89 90 90 99 109 113 104 111 105 98 98 112 108 108 104 102 108 126 140 141 133 126 102 88 81 71 78 104 80 87 109 116 120 125 149 132 127 134 136 137 137 130 128 123
0 0 0 0 0 0 0 91 98 97 102 104 104 104 106 104 102 99 99 107 112 105 105 116 130 121 128 123 125 107 93 81 82 84 88 100 93 108 113 118 123 125 138 128 134 130 135 133 126 122 122
0 0 0 0 0 0 0 94 74 83 90 107 109 112 100 103 96 97 100 108 107 104 101 108 111 121 122 123 135 140 109 87 87 85 91 106 105 109 111 125 121 123 138 134 127 129 128 126 122 118 113
0 0 0 0 0 0 0 71 75 82 93 112 110 118 99 99 86 96 102 107 105 107 100 106 148 118 120 132 141 135 133 134 136 129 90 106 105 108 110 117 122 131 140 124 126 127 126 123 119 115 111
0 0 0 0 0 0 0 49 77 87 110 108 105 95 95 96 92 98 103 106 104 101 110 112 142 109 114 135 136 128 130 144 146 139 90 105 105 114 118 119 124 134 142 124 125 126 124 121 117 114 110
0 0 0 0 0 0 37 74 79 90 109 107 101 94 99 86 93 91 98 106 105 99 108 107 134 113 131 133 127 130 135 143 143 138 105 103 107 116 122 123 127 135 133 130 126 125 123 120 116 113 108
0 0 0 0 0 0 57 75 100 96 92 104 95 93 96 89 100 92 107 106 108 96 106 111 130 124 102 126 137 162 153 146 146 91 100 106 111 121 126 127 130 137 134 125 125 125 127 123 119 115 110
0 0 0 0 0 0 0 73 112 95 91 103 95 97 94 92 87 89 89 114 108 95 97 110 125 133 106 128 168 178 161 143 125 81 102 107 112 116 121 131 132 129 124 132 131 124 122 120 121 116 115
0 0 0 0 0 0 0 71 95 95 96 89 102 94 94 90 90 89 87 113 106 94 93 102 116 128 128 157 173 163 143 134 128 94 117 117 117 118 132 133 126 129 124 128 126 124 122 121 121 119 107
0 0 0 0 0 0 0 64 88 96 84 88 102 82 90 91 88 95 114 111 105 95 90 98 115 125 128 158 175 159 139 137 135 88 96 116 120 128 132 136 128 131 124 129 127 129 122 125 121 116 109
0 0 0 0 0 0 0 67 93 94 91 100 96 85 88 90 88 117 112 111 76 87 91 99 118 127 125 132 147 148 134 135 131 81 110 114 120 129 132 137 140 121 130 135 128 126 123 121 121 121 110
0 0 0 0 0 0 51 82 97 95 106 124 117 116 89 88 85 108 112 87 96 88 90 96 95 127 112 120 133 129 123 129 129 81 109 116 126 125 132 137 141 130 131 131 136 128 125 122 122 118 112
0 0 0 0 0 0 62 120 112 103 114 133 101 100 91 86 81 94 110 79 91 90 89 88 90 96 101 102 120 119 109 118 87 104 107 118 140 148 128 137 134 128 125 129 133 130 126 123 120 120 114
0 0 0 0 0 0 71 101 113 106 111 102 98 96 91 93 77 89 108 93 95 91 86 91 101 109 108 106 125 117 116 127 97 109 108 112 117 124 127 137 126 128 130 135 137 131 127 128 121 121 116
0 0 0 0 0 0 49 80 79 86 86 95 103 94 86 82 85 108 80 70 87 94 95 95 102 117 120 125 121 121 123 130 101 120 110 117 114 123 125 134 120 128 124 128 131 136 132 129 126 122 117
0 0 0 0 0 0 52 76 89 72 67 88 90 86 85 64 84 95 68 67 89 87 94 95 101 117 120 110 93 112 113 116 92 122 120 113 114 116 124 131 119 122 123 132 135 136 133 130 126 122 117
0 0 0 0 0 0 54 82 96 105 100 87 92 72 63 74 109 92 72 77 63 84 94 97 101 114 114 101 90 101 110 112 89 111 113 124 115 116 132 146 118 121 122 130 133 135 133 125 126 122 118
0 0 0 0 0 45 86 82 99 109 112 110 78 75 66 102 86 66 71 74 80 73 85 93 102 109 90 88 88 95 108 111 86 114 112 114 115 121 130 136 118 125 126 128 131 133 133 129 126 122 118
0 0 0 0 0 41 64 78 103 114 117 111 72 69 69 105 89 69 70 61 74 76 85 84 102 93 81 85 84 90 109 112 107 109 110 113 114 120 122 123 118 124 120 126 122 130 131 128 125 117 131
0 0 0 0 53 53 82 92 98 97 106 74 68 72 73 103 67 70 67 59 63 83 83 83 101 88 73 86 84 93 110 115 99 105 109 110 130 120 122 122 117 123 119 124 125 126 126 126 118 115 131
0 0 0 0 36 47 82 95 96 95 74 74 70 64 72 83 68 69 66 61 58 82 83 82 82 76 70 92 78 104 105 109 114 112 107 109 118 120 123 123 117 122 122 118 123 123 123 124 122 119 130
0 0 0 0 59 52 74 87 94 62 29 31 63 68 80 106 67 71 66 61 50 77 78 81 71 65 79 93 77 78 85 89 90 106 110 113 118 115 120 123 125 121 122 117 117 121 115 121 119 116 127
0 0 0 0 0 57 72 83 84 69 84 60 65 65 84 82 68 73 66 62 38 78 75 81 62 66 80 88 80 79 84 85 89 106 110 113 114 116 120 123 125 121 116 120 120 120 113 118 117 114 125
0 0 0 0 0 59 67 73 56 79 81 59 56 55 82 81 72 72 66 65 39 85 79 68 66 70 54 75 79 82 90 89 86 101 112 114 114 116 120 122 124 120 115 115 119 113 111 116 115 112 134
0 0 0 0 0 53 62 62 28 54 26 26 36 51 83 80 60 67 65 58 60 85 82 72 76 63 75 75 84 88 89 89 86 102 115 115 122 116 120 122 124 120 115 115 119 112 110 115 127 125 134
0 0 0 0 0 0 27 37 59 65 48 26 37 71 102 86 60 62 60 50 93 81 85 88 91 66 79 62 73 93 93 93 110 105 116 115 126 119 120 123 125 120 115 115 119 117 114 127 116 115 124
0 0 0 0 0 0 49 59 62 62 56 67 74 89 92 79 61 38 54 54 95 85 84 90 78 85 88 73 83 86 90 95 113 111 107 113 131 121 121 124 125 121 120 120 114 111 126 126 134 114 135
0 0 0 0 0 0 0 74 75 63 66 60 92 111 62 80 62 52 60 58 90 94 79 84 75 83 82 92 86 104 82 87 114 106 104 107 114 120 122 125 126 122 116 120 118 115 126 126 124 112 135
0 0 0 0 0 0 0 80 69 0 76 71 98 101 107 78 68 53 56 80 90 98 97 83 77 84 82 90 94 108 94 102 107 106 108 116 112 118 122 125 118 122 116 115 112 128 126 125 112 110 121
0 0 0 0 0 0 0 0 0 0 0 69 106 115 108 78 60 66 82 84 94 95 101 94 76 83 79 84 92 102 98 101 109 106 108 118 112 117 123 121 123 118 116 120 131 89 125 114 110 108 132
9 0 0 0 0 0 0 0 0 0 0 0 109 109 89 78 62 88 86 93 101 100 101 94 77 83 80 85 89 0 110 108 107 105 107 113 117 121 113 121 124 119 100 97 93 111 114 112 109 106 129
5 0 0 0 0 0 0 0 0 0 0 0 0 102 86 77 61 91 95 97 98 99 95 87 79 81 83 88 96 100 113 113 115 103 106 112 117 113 116 117 106 102 100 95 90 114 113 110 106 102 111
8 0 0 0 0 0 0 0 0 0 0 0 0 97 84 73 66 81 90 97 96 98 0 0 75 81 83 72 87 91 105 112 118 105 106 110 116 113 126 103 106 103 102 96 90 114 107 107 101 96 105
13 6 0 6 0 0 0 4 3 0 0 0 0 0 85 76 91 80 0 85 97 88 72 79 75 73 75 72 78 80 85 109 115 115 102 109 105 111 98 102 102 104 101 97 88 81 96 92 91 86 101
17 12 8 7 0 0 4 6 6 4 0 0 0 0 95 84 94 89 79 73 85 86 74 82 74 72 72 74 75 77 85 107 112 114 102 104 108 89 94 101 105 103 100 95 105 104 91 63 88 89 96
19 15 12 10 8 6 7 8 8 6 3 0 0 0 82 95 94 86 72 79 88 85 80 77 71 62 65 69 76 80 87 85 93 112 104 103 104 103 90 96 102 100 102 117 113 106 111 64 101 80 93
19 17 14 15 16 12 11 10 6 0 0 0 0 0 94 105 96 81 77 84 88 90 73 70 61 60 61 65 76 81 80 83 88 116 104 103 104 85 88 94 100 100 115 112 0 96 98 96 84 77 90
19 18 16 17 19 13 8 0 0 0 0 0 0 98 95 89 84 79 84 82 86 84 72 67 61 63 60 74 70 82 79 83 85 110 102 103 107 103 88 90 94 97 112 109 100 102 96 91 0 76 87
18 17 17 17 15 9 0 0 0 0 87 84 70 103 84 81 75 71 75 79 84 82 71 61 64 62 63 83 82 85 80 83 84 104 104 107 107 104 87 108 94 114 114 108 103 103 95 90 83 75 85
19 17 17 17 12 5 0 0 0 103 109 106 100 94 84 73 65 64 71 76 81 78 71 56 62 59 68 82 83 85 83 86 85 88 105 108 100 105 106 108 112 113 112 111 103 103 94 90 82 74 83
19 17 18 18 11 0 0 0 0 110 98 71 91 87 80 63 73 62 71 74 86 83 70 58 69 59 71 59 72 84 82 83 84 86 109 107 102 106 90 112 112 112 111 110 107 102 93 94 87 74 81
19 17 20 18 9 0 0 0 0 101 89 85 85 77 77 72 66 57 69 73 84 69 67 56 52 61 74 66 64 79 87 81 84 84 118 111 107 106 110 111 108 110 109 108 106 105 93 93 87 90 80
20 17 21 18 8 0 0 0 109 92 68 70 82 78 74 68 60 0 0 94 73 65 66 58 60 61 76 70 67 73 78 87 86 83 113 112 105 107 111 93 91 105 103 101 103 95 97 93 87 90 80
20 17 21 19 8 0 0 0 102 85 54 59 78 76 72 65 55 0 0 0 79 69 66 60 55 60 74 66 73 75 77 82 86 84 115 119 106 107 112 110 91 108 101 98 97 98 94 92 86 78 80
21 17 21 20 10 0 0 0 99 74 52 57 72 69 61 0 0 0 16 20 10 70 70 52 55 59 64 66 72 76 81 83 84 97 106 120 107 109 113 112 110 108 104 101 95 98 98 91 85 88 80
20 17 20 18 14 0 0 0 95 69 51 56 69 59 55 0 0 15 36 28 17 70 70 41 48 57 61 68 74 81 93 90 99 105 118 121 108 110 110 112 110 106 103 96 93 93 97 89 83 87 79
19 18 17 16 19 4 0 0 84 73 52 55 54 49 53 0 0 22 37 35 11 68 66 48 51 58 65 71 77 83 93 93 97 107 120 122 108 109 107 110 108 105 101 93 91 94 90 87 90 84 78
16 17 15 14 21 5 0 0 83 73 49 54 53 51 55 0 9 33 75 24 9 67 67 48 39 59 66 72 78 83 86 95 98 110 113 107 105 107 109 108 106 103 96 91 89 96 91 83 87 81 63
13 17 14 14 20 6 0 86 90 72 56 58 56 53 46 0 12 74 73 77 78 66 50 47 36 63 71 76 79 88 86 116 115 103 110 100 103 108 106 105 104 98 95 90 89 107 87 80 74 78 73
12 17 15 16 17 0 0 0 72 68 68 61 67 57 0 0 14 77 0 75 82 58 34 29 30 65 74 79 82 104 89 109 115 109 109 101 104 106 102 104 115 112 93 90 104 92 83 77 70 75 70
11 17 17 17 12 0 0 0 76 69 59 61 62 65 50 15 22 80 0 78 87 62 31 30 61 65 72 77 99 103 82 107 106 113 106 97 99 100 103 102 113 111 104 101 89 86 80 74 67 72 67
7 16 17 18 11 0 0 0 0 71 67 71 65 66 62 21 24 73 74 83 12 60 57 58 60 64 67 74 95 100 102 105 103 90 92 95 97 99 101 111 111 110 107 104 89 83 77 71 64 69 64
0 14 18 18 16 5 0 0 0 0 69 70 64 66 16 41 89 86 87 48 83 64 58 56 57 60 0 79 90 98 103 103 90 93 95 97 98 101 98 115 109 108 105 99 83 82 76 70 58 67 62
0 11 17 17 17 17 18 0 0 0 71 70 42 54 21 91 0 0 91 91 78 67 62 55 54 58 74 76 87 98 104 102 106 105 107 107 107 99 105 101 107 104 101 98 94 78 76 70 63 43 62
0 7 16 15 16 15 21 11 0 0 81 72 48 21 0 0 0 0 0 68 50 68 60 57 65 69 73 66 84 98 105 104 108 105 116 105 105 103 103 105 105 103 95 91 93 80 74 72 64 58 63
