---
Thermal Updraft Velocity (W*) [ft/min] Valid 1000 PST ~Z75~(1800Z)~Z~ FRI 19 May 2017 ~Z75~[18hrFcst@1433z]~Z~
Model= RASP Region= PANOCHE Grid= d2 Reskm= 4.0 Indexs= 1 51 1 69 Proj= lambert 4000 4000 40.0000 40.0000 -73.0000 36.6487 -121.0445
Day= 2017 5 19 FRI ValidLST= 1000 PST ValidZ= 1800 Fcst= 18.0 Init= 12 Param= wstar Unit= ft/min Mult= 1 Min= 0 Max= 554
0 0 0 0 0 0 0 0 0 0 301 465 469 465 469 456 432 435 470 443 482 447 479 478 475 478 482 458 463 460 464 469 466 462 460 462 500 484 487 480 492 496 490 480 470 447 444 390 380 386 410
0 0 0 0 0 0 0 0 0 0 0 437 464 465 458 459 460 462 466 439 479 477 473 431 471 475 481 486 463 464 468 465 484 458 457 460 467 497 486 480 492 491 497 480 469 452 438 377 378 384 409
0 0 0 0 0 0 0 0 0 0 0 397 456 461 451 459 459 461 436 464 475 473 434 435 464 475 481 486 460 462 467 464 467 459 465 460 456 461 504 480 493 491 488 480 470 458 445 392 380 384 396
0 0 0 0 0 0 0 0 0 0 0 416 451 457 462 461 432 430 429 471 473 435 475 476 477 476 480 484 489 465 469 465 469 463 469 462 461 456 498 496 502 499 486 481 473 468 391 386 385 388 399
0 0 0 0 0 0 0 0 0 0 366 443 459 464 448 460 457 422 415 421 470 475 479 481 480 479 483 489 496 468 470 503 470 467 465 457 453 482 498 496 494 492 486 492 475 483 400 391 389 392 414
0 0 0 0 0 0 0 0 0 276 424 451 470 473 454 450 454 448 411 416 423 472 480 482 481 481 473 532 487 468 462 507 470 466 454 452 447 482 500 497 495 497 508 487 481 481 403 408 391 395 415
0 0 0 0 0 0 0 0 0 303 444 469 476 472 452 443 440 439 400 405 461 476 482 483 484 486 475 496 487 490 473 471 472 468 457 449 446 483 498 497 495 493 490 488 482 505 393 394 393 396 401
0 0 0 0 0 0 0 0 222 372 447 470 478 455 443 442 443 436 427 401 460 478 483 487 490 493 490 455 489 499 484 527 477 464 457 448 449 429 496 496 492 491 489 489 486 418 389 394 394 397 402
0 0 0 0 0 0 0 0 0 288 448 471 461 461 455 444 438 445 441 446 464 480 484 493 498 498 495 484 498 526 496 489 478 464 454 444 439 417 451 446 489 487 488 402 395 391 403 395 395 412 404
0 0 0 0 0 0 0 0 0 314 449 468 471 445 442 442 449 442 440 448 463 478 486 498 503 500 486 499 527 496 495 470 466 454 449 432 418 406 451 436 437 482 486 485 395 387 404 396 410 400 421
0 0 0 0 0 0 0 0 254 438 455 484 461 430 425 431 427 384 412 440 458 472 485 499 505 505 496 510 529 493 465 442 441 448 435 418 405 408 393 427 426 430 478 485 396 403 403 394 399 403 424
0 0 0 0 0 0 0 0 280 456 462 468 447 419 416 422 423 432 429 437 453 468 484 498 508 511 506 528 525 461 433 426 415 413 412 405 394 390 386 423 420 438 471 483 489 409 388 398 401 406 428
0 0 0 0 0 0 0 276 430 459 456 450 425 415 422 424 422 393 408 429 448 465 483 495 460 502 525 522 505 447 424 407 403 407 408 393 396 384 379 385 413 418 423 469 413 390 384 400 403 409 418
0 0 0 0 0 0 0 282 478 462 471 446 422 418 437 420 397 392 426 432 446 462 476 487 453 497 522 523 494 442 421 399 393 400 400 388 422 394 470 381 409 410 413 459 402 400 401 412 403 408 423
0 0 0 0 0 0 0 383 463 467 476 462 426 423 437 415 392 386 422 430 442 454 469 481 478 493 516 516 501 441 410 400 388 401 426 383 383 406 413 428 433 474 410 382 393 396 401 405 392 392 392
0 0 0 0 0 0 0 414 468 472 475 437 429 425 415 409 412 414 416 431 439 447 458 471 471 486 512 511 511 441 407 398 402 402 394 404 375 403 402 421 425 404 429 383 383 371 387 387 374 374 383
0 0 0 0 0 0 0 419 430 437 415 434 428 414 381 410 420 422 424 428 431 440 450 459 462 493 506 512 516 485 411 399 403 399 392 417 398 398 395 442 416 393 422 398 365 361 363 365 363 361 359
0 0 0 0 0 0 0 407 425 413 402 429 420 421 374 410 422 424 419 423 425 434 441 450 452 486 502 511 509 493 460 455 446 437 392 408 395 392 389 411 414 416 420 364 356 353 352 354 352 349 346
0 0 0 0 0 0 0 380 430 408 431 417 411 375 374 408 419 420 410 416 421 429 434 432 443 468 486 506 506 500 485 478 462 439 383 396 387 404 405 409 413 418 419 358 350 347 345 345 343 339 334
0 0 0 0 0 0 315 437 439 405 428 410 416 370 399 407 416 391 392 409 418 423 429 425 438 466 497 505 508 513 493 484 465 420 393 381 380 400 404 408 414 418 395 367 348 343 340 338 335 330 323
0 0 0 0 0 0 367 442 480 426 382 402 396 367 399 407 414 376 393 405 414 418 424 421 435 465 453 510 521 553 507 484 443 365 378 377 378 405 402 408 414 421 395 353 346 341 346 340 334 326 317
0 0 0 0 0 0 0 412 499 433 378 398 392 390 400 407 385 355 352 403 412 416 410 418 433 463 454 503 554 546 497 439 409 348 376 375 374 376 382 408 413 393 364 367 359 341 335 327 326 314 314
0 0 0 0 0 0 0 401 474 458 422 368 392 397 402 406 374 348 346 402 410 413 408 415 433 466 489 541 540 498 478 430 405 352 390 374 375 377 407 406 389 389 361 358 350 341 332 323 320 315 293
0 0 0 0 0 0 0 374 456 462 416 385 401 382 410 402 360 366 388 402 409 413 410 414 436 469 484 531 526 496 491 452 411 351 369 375 376 396 402 407 386 390 360 363 353 353 333 329 318 304 293
0 0 0 0 0 0 0 378 447 433 429 433 423 395 414 384 351 420 384 401 366 402 406 414 439 467 477 483 483 498 500 479 425 357 393 376 377 398 402 409 413 363 375 383 357 347 335 324 319 317 300
0 0 0 0 0 0 357 443 466 437 465 483 466 435 404 377 344 395 382 353 392 400 406 419 419 461 475 485 488 503 499 480 427 357 393 377 397 400 405 411 419 386 379 371 383 353 340 331 328 316 307
0 0 0 0 0 0 374 434 488 482 470 485 386 407 397 376 338 360 383 347 393 402 409 423 417 439 477 486 492 504 483 453 371 397 384 389 447 465 409 414 393 376 365 369 375 359 347 339 330 327 321
0 0 0 0 0 0 386 432 476 467 447 392 392 399 381 376 334 356 385 384 399 404 414 425 442 464 480 491 509 491 455 433 375 394 381 379 396 408 410 416 373 372 378 383 388 365 353 355 340 339 334
0 0 0 0 0 0 356 444 461 452 411 397 410 383 364 339 347 404 337 354 399 403 411 426 446 467 482 506 499 475 440 421 370 394 382 396 383 408 407 409 354 368 358 365 373 386 371 363 356 350 347
0 0 0 0 0 0 382 467 485 417 396 425 399 378 352 306 342 356 336 348 393 402 411 427 448 468 482 486 437 463 442 419 356 392 390 380 380 380 401 403 350 352 354 375 383 390 380 372 364 360 358
0 0 0 0 0 0 386 468 495 473 467 404 409 366 336 332 392 357 342 353 368 402 415 429 451 472 482 475 432 462 449 420 352 380 379 402 379 378 415 436 349 349 351 372 381 388 386 369 374 371 370
0 0 0 0 0 343 417 480 498 487 473 452 408 403 346 383 336 322 343 363 403 413 420 435 457 472 455 442 430 470 463 425 353 376 375 377 377 392 410 411 347 358 361 369 378 386 391 385 382 381 381
0 0 0 0 0 352 433 478 484 466 457 451 419 400 327 380 342 320 347 369 408 417 424 439 460 452 449 442 434 457 466 436 396 371 371 373 372 387 388 374 343 356 349 366 360 384 392 391 389 380 410
0 0 0 0 339 403 453 478 473 436 438 392 405 398 304 376 322 324 351 371 386 424 429 440 453 440 446 451 440 440 447 431 385 370 367 372 406 384 384 368 341 354 347 363 370 382 392 396 387 390 421
0 0 0 0 296 381 448 470 467 445 372 373 393 379 301 325 320 326 350 377 400 433 432 441 420 424 437 451 437 424 401 393 385 366 362 362 380 380 380 364 338 352 355 352 369 380 391 400 405 409 429
0 0 0 0 341 394 442 461 454 357 366 368 387 364 319 380 312 324 344 389 412 435 433 433 411 416 428 439 435 405 371 363 353 369 379 376 374 357 358 360 360 351 354 349 356 378 377 400 407 411 433
0 0 0 0 0 374 427 452 443 370 386 362 382 353 315 341 309 320 343 387 408 422 418 419 402 410 421 430 429 416 384 368 359 378 375 371 354 353 355 357 360 349 343 358 365 375 373 397 406 412 439
0 0 0 0 0 358 410 437 386 386 371 349 362 331 304 337 308 317 341 378 388 399 396 380 391 402 398 414 415 401 383 370 360 367 371 366 351 350 352 355 358 347 342 348 365 362 370 395 405 411 466
0 0 0 0 0 314 392 410 360 330 304 308 337 310 297 297 296 310 340 376 367 385 385 369 384 394 409 410 404 386 366 359 353 360 365 361 360 347 348 353 358 348 342 347 364 360 368 392 426 434 466
0 0 0 0 0 0 311 326 360 348 306 289 297 294 337 292 292 303 368 363 396 369 375 380 393 388 408 396 393 379 352 345 374 354 360 356 357 346 350 354 359 349 343 347 365 371 377 415 405 414 438
0 0 0 0 0 0 279 334 328 322 289 284 274 285 268 286 289 312 347 361 383 354 361 366 357 383 407 393 381 363 347 339 366 350 345 356 369 347 351 356 360 351 355 359 354 360 404 414 440 412 464
0 0 0 0 0 0 0 276 298 233 285 248 272 325 255 282 284 327 359 351 360 347 345 356 345 381 410 403 364 387 348 339 361 347 343 341 344 346 352 358 363 353 346 361 366 369 406 414 421 410 461
0 0 0 0 0 0 0 230 204 0 185 227 260 278 314 282 279 303 327 360 339 332 345 345 338 365 402 396 363 388 372 366 357 354 352 367 345 348 353 361 341 354 347 351 353 399 409 415 403 408 428
0 0 0 0 0 0 0 0 0 0 0 200 222 293 300 268 264 291 348 322 319 310 335 347 321 343 367 383 355 357 373 367 353 349 350 367 345 349 355 348 353 346 349 365 400 368 411 397 402 407 454
0 0 0 0 0 0 0 0 0 0 0 0 227 252 240 262 263 330 327 320 332 333 332 335 315 326 343 362 344 0 356 360 348 345 347 354 359 367 332 348 359 349 319 323 331 374 392 396 400 405 453
0 0 0 0 0 0 0 0 0 0 0 0 12 222 240 259 265 327 335 329 329 327 302 303 309 324 340 350 348 344 359 348 345 331 344 353 360 345 340 338 314 311 318 321 326 375 393 394 398 401 420
0 0 0 0 0 0 0 0 0 0 0 0 0 217 212 248 271 283 299 322 325 317 0 0 294 325 337 344 347 343 352 348 345 330 350 351 361 343 369 306 310 310 320 322 326 379 387 390 391 395 414
0 0 0 0 0 0 0 0 0 0 0 0 0 16 187 227 295 282 0 279 324 294 285 290 310 328 336 338 345 348 341 349 346 342 334 351 329 341 297 300 302 314 316 324 321 328 367 368 381 384 409
0 0 0 0 0 0 0 0 0 0 0 0 0 7 218 261 292 309 296 296 290 292 293 316 314 332 337 338 344 348 341 346 344 342 332 336 334 285 285 298 308 310 313 318 343 360 357 323 377 385 403
0 0 0 0 0 0 0 0 0 0 0 0 0 12 209 273 300 304 312 308 294 291 308 315 320 339 341 340 346 345 336 316 311 341 342 333 322 315 283 288 302 303 315 355 362 364 390 324 394 374 397
0 0 0 10 9 7 0 0 0 0 0 0 0 0 223 317 314 305 315 310 294 309 286 316 327 350 348 344 343 339 324 311 306 351 339 331 318 277 277 283 296 303 339 343 0 340 365 369 367 368 391
0 0 10 16 15 10 0 0 0 0 0 0 0 195 273 305 310 314 339 307 293 294 285 332 333 351 355 348 340 336 322 309 304 338 328 330 333 310 275 278 286 296 335 343 335 346 357 359 0 362 383
0 0 12 18 14 0 0 0 0 0 244 249 237 273 294 309 314 339 330 299 293 294 284 304 336 356 363 359 349 340 326 319 310 337 330 347 336 312 272 313 285 333 344 342 334 344 351 354 357 356 376
0 0 12 19 13 0 0 0 19 221 288 302 294 295 302 312 346 362 328 297 292 292 286 286 345 371 375 380 376 357 336 328 319 315 335 351 314 314 311 317 326 335 342 351 335 345 346 349 352 351 369
0 0 14 20 12 0 0 0 0 261 291 264 299 302 306 313 363 368 315 294 305 308 286 284 385 391 388 396 404 378 347 335 330 322 349 340 312 313 273 327 330 335 340 348 348 345 343 350 352 345 363
0 0 15 19 7 0 0 0 0 265 299 312 317 315 309 329 366 333 292 291 305 288 284 291 382 403 397 399 408 393 365 342 335 331 366 338 320 315 319 328 320 334 337 344 347 349 340 346 347 360 359
0 0 16 18 0 0 0 8 261 282 319 334 325 320 324 345 359 296 299 341 288 283 286 313 392 405 402 407 411 403 373 352 335 332 357 339 313 316 322 316 319 322 325 328 337 332 343 343 343 358 357
4 2 16 16 0 0 0 0 260 279 341 355 343 337 341 338 301 289 275 282 298 282 288 335 381 408 411 421 425 418 394 356 334 331 359 356 315 317 324 323 314 329 322 324 327 339 336 341 341 341 356
5 5 15 14 0 0 0 0 257 277 352 373 333 328 356 312 287 266 256 262 270 273 288 338 389 410 418 429 428 416 389 355 339 358 348 361 318 320 329 327 323 329 328 329 321 335 338 338 338 353 354
0 7 13 11 0 0 0 0 255 286 330 350 343 342 355 281 271 255 250 252 259 268 287 341 388 409 411 417 416 396 359 344 367 377 378 366 320 323 323 330 323 324 323 315 316 320 335 335 336 351 353
0 7 7 5 8 0 0 0 245 274 327 347 346 357 333 274 264 252 245 249 255 263 296 341 380 400 399 405 405 388 359 344 371 386 384 370 322 320 315 324 319 318 318 310 310 323 326 332 347 349 351
0 7 3 0 14 0 0 0 246 276 320 340 341 345 325 272 261 248 293 244 252 265 302 332 361 384 385 391 387 375 353 350 372 385 364 330 312 311 314 316 313 312 304 304 305 321 326 328 345 348 329
0 7 7 9 14 0 0 213 253 276 312 325 331 332 277 271 259 301 294 305 286 272 291 322 342 358 361 366 370 368 352 373 378 357 347 308 303 309 304 305 304 297 299 299 306 338 320 326 329 348 353
0 7 13 14 14 0 0 0 217 270 296 315 335 319 283 269 255 299 0 299 313 275 292 312 327 340 345 350 358 390 355 363 367 358 335 304 301 298 289 296 328 327 291 292 328 313 316 323 328 347 354
8 8 14 13 14 0 0 0 216 235 245 274 301 302 271 265 251 289 0 288 307 274 284 299 315 327 336 341 376 371 328 363 344 344 326 285 284 282 286 287 324 326 313 310 300 304 307 319 326 346 353
10 9 13 7 15 0 0 0 0 205 233 275 280 284 260 238 221 252 251 271 244 262 275 291 310 320 327 335 366 363 356 350 333 295 288 284 281 277 281 306 308 311 313 316 296 299 304 313 323 343 351
10 10 10 0 7 0 0 0 0 0 239 286 280 275 234 172 183 173 224 228 271 258 267 283 307 319 316 360 360 357 346 326 289 285 280 277 272 274 270 309 299 301 301 298 281 292 298 307 314 339 348
11 10 6 0 0 18 21 24 0 0 240 288 277 271 203 176 0 0 212 251 251 257 277 279 299 312 345 352 354 352 338 313 305 296 291 286 279 264 272 274 290 289 286 289 293 283 292 301 314 322 344
12 9 0 0 0 15 18 22 0 0 258 272 261 227 0 0 0 0 0 224 244 257 267 281 328 335 341 322 350 347 330 307 303 284 302 273 268 265 266 278 280 282 269 271 288 280 286 297 308 317 340
