---
OvercastDevelopment Cloudbase (BL CL) [ft] Valid 1000 PST ~Z75~(1800Z)~Z~ FRI 19 May 2017 ~Z75~[18hrFcst@1433z]~Z~
Model= RASP Region= PANOCHE Grid= d2 Reskm= 4.0 Indexs= 1 51 1 69 Proj= lambert 4000 4000 40.0000 40.0000 -73.0000 36.6487 -121.0445
Day= 2017 5 19 FRI ValidLST= 1000 PST ValidZ= 1800 Fcst= 18.0 Init= 12 Param= zblcl Unit= ft Mult= 1 Min= 35 Max= 21276
10770 10822 10863 10738 11901 11369 13012 12436 14404 16514 15498 18054 18625 18976 19192 19296 19341 19319 19187 19121 19047 19023 18986 19005 19056 19150 19256 19309 19407 19273 19046 18780 18445 18072 17729 17410 17159 16992 16863 16836 16781 16728 16680 16712 16919 17324 17614 17848 18004 18141 18225
10750 10815 10777 10711 11905 11464 13000 12474 14488 13942 16246 18625 18932 19213 19354 19397 19387 19311 19174 19096 18997 18986 19029 19113 19177 19279 19403 19457 19543 19479 19296 19043 18716 18373 18036 17716 17461 17230 17106 17080 17024 16974 16927 16958 17135 17471 17737 17957 18104 18224 18290
10772 10793 10721 10618 11844 11325 12836 12250 14373 13903 16555 15625 15638 15899 15951 15943 15886 19336 19175 19052 18991 19013 19086 19177 19281 19430 19551 19623 19743 19693 19529 19295 19008 18657 18324 18009 17763 17550 17362 17323 17260 17219 17202 17235 17375 17616 17836 18040 18196 18308 14744
10783 10754 10619 10470 11702 11243 12668 14416 13956 13761 16750 15724 15893 16119 16124 16038 16028 15875 19261 19090 19040 19107 19137 19249 19416 19596 19682 19786 19840 16257 19688 19486 19213 18880 18572 18283 18059 17857 17651 17546 17478 17465 17505 17554 17648 17750 17949 18100 18274 14787 14840
10842 10760 10524 11895 11655 11861 11335 14260 13379 16395 15543 15726 16220 16499 16379 16245 16229 16062 15886 19204 19187 19258 19248 19349 19536 19687 19842 16390 16463 16541 16417 16161 15959 15637 18946 18633 18388 18097 17901 17792 17724 17704 17741 17741 17858 17848 18139 18222 14781 14928 14971
10926 10785 10420 11686 11336 11133 12561 14041 13590 15843 15669 16148 16653 16746 16479 16244 16139 16062 15945 15821 15675 15707 15809 15945 16158 16350 16431 16495 16705 16906 16700 16382 16237 15935 15681 15324 18653 18290 18075 17985 17943 17903 17935 17938 18003 18000 14696 14762 14959 15091 15133
11050 10841 11952 11408 13079 12826 14537 13620 13547 15782 15996 16587 17036 17039 16681 16590 16535 16301 16105 15861 15660 15817 16033 16234 16442 16654 16534 16676 16951 17197 17063 16760 16498 16139 15843 15602 15294 18437 18231 18186 18147 18102 18105 18118 18250 18144 14875 15016 15166 15278 15323
9769 10847 11811 13046 12783 12218 14112 16226 15988 15538 16243 17029 17485 17257 17022 17029 16894 16501 16084 15803 15661 15902 16254 16510 16730 16913 16647 16785 17166 17576 17495 17041 16691 16230 15969 15843 15572 15202 18366 18315 14700 14651 14664 14646 14726 14902 15137 15254 15376 15468 15506
9833 10813 11582 12709 12266 14231 13614 15721 15274 15998 16416 17451 14859 17393 17182 17161 16878 16393 15982 15786 15956 16294 16526 16688 16976 17137 16828 17004 17839 18213 17878 17328 16683 16177 16074 16027 15771 15426 15115 15095 14907 14877 14879 15170 15250 15315 15389 15483 15585 15653 15682
9873 10676 11257 12260 14256 13694 16218 15292 15707 15953 16736 14865 17833 17108 16960 17173 16819 16289 15920 15909 16319 16634 16808 16934 17324 17367 16959 17461 18432 18921 18357 17347 16446 16075 16163 16202 15866 15590 15451 15410 15332 15116 15043 15184 15532 15678 15678 15702 15789 15850 15850
9849 10431 12970 14375 13731 16142 15745 18369 15822 16261 14609 15582 17731 16824 16543 16682 16550 16113 15851 16028 16442 16715 16873 17181 17649 17511 17172 17828 18720 15902 17920 16931 16335 16070 16185 16188 15865 15707 15747 15602 15570 15519 15316 15262 15632 15844 15915 15870 15962 16007 15995
9759 11791 12709 14031 16208 15591 15212 15198 15811 16818 15650 15981 17552 16566 16379 16449 16366 16132 15994 16130 16427 16796 17181 17588 17928 17654 17731 18151 18299 18026 17265 16835 16561 16253 16200 16112 15960 15918 15933 15772 15720 15678 15525 15388 15461 15799 16051 16028 16099 16138 16121
10980 11520 12427 13675 15773 15163 14808 15679 15923 17138 15648 15238 17008 16452 16620 16669 16621 16368 16064 16139 16520 17005 17427 17743 18097 17994 18280 18548 17794 17076 16815 16763 16443 16095 16074 16065 16004 16048 15992 15962 15848 15850 15802 15597 15644 15861 16128 16125 16193 16235 16227
10821 11290 12213 13433 15524 15101 14955 15725 16231 17251 15115 17535 16730 16565 16624 16638 16894 16536 16080 16240 16703 17173 17422 17506 17761 18150 18582 18071 17199 16718 16636 16503 16139 15936 16060 16080 15994 15991 15914 16001 15932 15881 15906 15760 15804 15920 16143 16192 16280 16330 16322
10662 11088 12059 13320 15512 15161 15003 15546 16678 17545 14998 17517 16808 16674 16465 16383 16699 16532 16247 16305 16639 17111 17446 17518 17637 18207 18375 17304 16757 16834 16574 16163 16004 15989 16074 16113 16080 15923 15987 15901 15842 15875 15963 16014 15971 16027 16188 16268 13306 13375 13378
10495 13012 14541 13333 15615 15242 18705 15739 17006 17821 18007 17443 16864 16694 16357 16220 16575 16644 16395 16165 16377 16950 17478 17715 17856 18220 18125 17068 16929 17382 16807 16135 16052 16230 16321 16102 15985 15889 15922 15780 15794 15961 15926 16045 16088 16204 16296 13309 13444 13514 13521
10399 12957 14527 13354 15685 15331 15224 15981 17337 14987 17601 17087 16749 16614 16235 16371 17007 17015 16381 15877 16141 16764 17232 17505 17881 18131 17903 17363 17725 17788 17209 16476 16458 16730 16571 16092 15874 15873 15813 15798 15813 15914 15903 16032 16210 16328 13405 13466 13581 13657 13685
10394 12938 14543 13401 15774 15440 15508 16597 14895 17954 17297 16674 16492 16308 16080 16613 17434 17236 16200 15604 15943 16538 16919 17220 17965 18247 18015 18017 18314 17606 17052 17051 17454 17543 17085 16282 15846 15789 15730 15804 15790 15807 15878 16129 16306 13384 13536 13609 13730 13815 13858
10504 12955 14570 13447 15833 15526 15767 17242 15561 17784 16946 16404 16213 16051 16012 16827 17463 16992 15901 15395 15779 16379 16801 17266 18062 18376 18382 18683 18247 17195 17215 17985 15631 15562 14571 16480 15957 15733 15680 15736 15735 15756 15905 16180 13313 13477 13614 13765 13900 14008 14074
10621 12971 14596 13479 15912 15818 15719 17647 15685 17613 16844 16342 16139 15966 16209 17068 17305 16596 15594 15247 15690 16278 16686 17247 18006 18387 18723 15896 18141 17674 18152 18782 16401 15995 14511 16521 16019 15754 15679 15694 15705 15732 15956 16171 13388 13558 13667 13856 13981 14089 14179
10758 12991 14616 13488 15883 15830 16156 17812 15473 17544 16911 16316 16063 16008 16468 17200 17028 16086 15245 15257 15795 16279 16625 17179 17949 18524 15954 18766 18528 18745 19147 19163 16252 15480 14143 16465 16110 15898 15740 15668 15661 15744 16029 16277 13445 13599 13655 13864 13977 14088 14206
10893 13008 12071 13448 15791 15768 16512 17729 15406 17767 17064 16493 16178 16168 16544 16946 16739 15826 15095 15266 15887 16389 16756 17240 18068 18749 16024 18921 19261 19435 19152 18770 15316 14780 13897 16402 16148 15995 15781 15680 15704 15919 16173 16246 13408 13631 13752 13827 13865 13961 14185
11018 13025 12081 13394 15697 15643 16182 17452 15654 18268 17571 17235 16602 16806 16852 16650 16391 15655 18525 18821 15949 16478 16763 17278 18268 18976 18972 18845 19231 18705 18373 17994 17592 14402 16824 16375 16160 15942 15750 15696 15835 15967 16218 13268 13493 13657 13838 13851 13851 13927 14198
9730 13037 12087 16437 15562 15517 16014 17295 15675 18387 17750 17636 17208 17491 17218 16638 16093 15188 18367 18788 15977 16542 16680 17296 18575 19136 18612 18477 19098 18899 17857 17699 14822 14656 16850 16339 16054 15832 15718 15693 15847 16086 16259 13298 13545 13614 13882 13878 13894 13994 14267
9795 13041 12110 16444 15537 15408 15958 17642 16124 18451 17512 17842 18004 18017 17456 16848 16094 18514 18319 18828 15919 16311 16564 17489 18832 18927 18159 18557 18817 17843 17062 17764 15422 15057 16817 16260 15995 15749 15627 15644 15759 16154 16167 16277 13539 13710 13927 13999 14031 14147 14405
9836 13062 12154 13428 15696 15781 16250 15464 16769 18778 18076 18776 18438 17829 17252 16999 16313 18572 18344 15336 15843 16401 16878 17617 18575 18472 18183 18360 17645 20261 20045 17455 15346 14895 16577 15988 15670 15542 15574 15595 15790 16085 16180 13308 13398 13760 13954 14048 14100 14254 14482
9826 13062 12213 13509 15718 15717 16518 15606 19170 18092 18631 19358 18660 17526 16890 16980 16431 15023 18392 15399 16020 16653 17097 17395 18013 18392 18457 18080 16860 19840 16520 17305 14920 17168 16379 15877 15665 15552 15551 15657 15970 16134 16306 13377 13471 13775 13964 14037 14121 14267 14431
9779 13079 12294 13643 15825 15669 16336 18328 18538 20754 21276 18932 18607 17273 16704 16509 15885 18388 18494 15534 16112 16612 16954 17176 17784 18484 18573 17651 20182 16553 16801 17012 17166 16574 16119 15870 15704 15602 15594 15739 16033 16159 16280 13290 13438 13757 13962 13998 14099 14231 14380
11033 13087 12364 13839 16165 15858 16322 18327 18665 17528 20650 17353 17014 16941 16734 16181 15038 18195 18626 15596 15920 16221 16654 17212 17947 18621 18364 17086 20173 16624 16465 16426 16515 16168 15994 15864 15760 15677 15669 15861 16114 16216 13335 13401 13517 13613 13837 13959 14067 14199 14321
10699 13065 12426 14046 16601 16195 16479 18379 18827 17838 20262 19683 16222 17075 17282 16215 18271 18216 18696 15625 15888 16047 16480 17199 17901 18414 18077 16937 16566 19510 16012 16409 16560 15958 15767 15816 15823 15782 15725 15866 16133 13273 13390 13360 13457 13565 13735 13891 14023 14152 14260
10402 13018 12463 14247 13980 16644 16889 18432 18823 18332 17539 17061 16731 15111 15634 16808 18290 18223 15543 16619 16793 16318 16331 17134 17938 18281 17682 20227 19499 19074 16510 17244 17120 16150 15811 15879 15845 15822 15675 15911 16188 13310 13400 13388 13443 13560 13693 13867 13971 14089 14213
11825 12996 12515 14447 14389 19302 17273 18245 18302 18168 18271 17485 17370 16033 16178 16816 18392 18414 15967 17269 17456 16620 16204 17200 18218 18143 20425 19827 19308 19237 16868 17712 14606 16496 15917 15909 15903 15857 15740 15991 16238 13290 13354 13418 13457 13565 13665 13809 13931 14048 14169
11668 12984 12567 14568 14480 15931 17227 17940 17751 21064 18041 20697 17574 16296 16024 16185 18198 15088 16219 17046 17135 16636 16156 17139 18162 17697 20038 16324 16279 19615 16430 17294 17374 16635 16021 15931 15885 15937 15919 16147 16282 13325 13432 13469 13586 13586 13662 13779 13893 14016 14096
11507 13003 12644 14670 19072 19582 17179 18001 17809 21074 21030 20431 17571 18859 15556 15437 18124 15403 16641 17466 17266 16732 16343 17083 17802 17323 20317 17220 17288 16578 16369 16708 16913 16418 15999 15926 15993 15965 16023 16246 13296 13403 13493 13524 13559 13601 13669 13754 13856 13951 14052
11539 13114 12685 14691 19093 19373 16991 17907 17711 20464 20000 19709 17559 18649 14891 15180 18104 15522 17023 18061 17754 16900 16455 16791 17246 17134 17227 17553 17864 17205 16813 16619 16321 16092 15962 15969 15950 16039 16133 13276 13354 13469 13505 13639 13584 13606 13674 13733 13798 13904 14023
11516 13106 12664 14590 18738 19053 20168 17586 17531 20244 19146 19088 17237 18348 17315 18319 18132 15636 17259 18344 17844 16476 19651 19718 20068 16911 17351 17568 17743 17751 17236 16808 16485 16103 15904 15994 16109 16208 16269 13335 13362 13522 13581 13707 13723 13645 13749 13735 13791 13894 13994
11551 13130 12656 14513 16622 18604 19847 17218 16963 19752 18706 18860 17205 15318 14196 14898 18282 15766 17212 18306 17691 19649 18980 19123 19810 16867 17167 17362 17279 17643 17314 16891 16723 16321 15976 16010 16211 13223 13266 13376 13475 13604 13714 13733 13720 13673 13802 13755 13802 13885 13947
11609 13178 12701 14552 16932 18520 19317 20215 20003 19387 18739 18847 17202 15530 14233 15018 15004 15933 17167 18131 17522 19327 18567 19012 19781 16733 17107 17179 17328 17202 16554 16219 16606 16547 16102 16032 16212 13271 13365 13449 13603 13687 13785 13820 13754 13785 13835 13768 13809 13884 13930
11690 11202 12759 14624 16957 18514 18481 19584 19582 16004 16005 19360 16796 15270 13930 15160 15198 16168 17474 18224 17305 18968 18319 19028 19686 16659 16983 16987 17072 16887 16155 15808 16399 16520 16130 16042 13211 13364 13477 13536 13674 13736 13819 13880 13766 13846 13901 13782 13777 13856 13943
11794 11286 12830 14708 14017 14239 18818 19271 19184 15706 16284 16412 16987 14635 15998 15230 15578 16514 17499 18072 16981 15574 18333 18765 19408 16747 17282 17199 16975 16673 16197 15853 16044 16236 16054 16072 13223 13436 13574 13591 13719 13762 13840 13886 13831 13805 13850 13732 13800 13886 13975
11870 11413 12962 12419 14705 14816 16017 15946 16123 16208 16846 16903 14263 13587 15684 15533 16274 16740 17235 17774 17126 16106 18447 18574 19489 17035 17721 17642 17178 16739 16161 15885 15874 15989 15979 16113 13340 13527 13619 13658 13723 13767 13792 13823 13835 13916 13741 13711 13737 13893 13997
11920 11554 13130 12868 13081 12974 13033 14549 13830 14551 14439 14575 13997 16162 15123 15869 16850 16739 17141 17860 14434 16246 18572 18600 16322 17276 17813 17823 17227 16148 15973 16115 16105 16006 15987 16125 13352 13521 13674 13653 13767 13745 13812 13793 13844 13859 13711 13704 13754 13904 14034
11941 11722 11453 11183 11573 11402 13260 12927 14682 14539 13095 12467 14239 13785 13392 16227 13994 16730 16946 17320 14049 15839 18422 18663 16360 17371 17446 17711 17106 15738 15883 16224 16193 16036 15949 16152 13409 13623 13684 13727 13867 13810 13815 13829 13865 13766 13708 13696 13763 13912 14122
11947 11820 11705 11567 11788 11715 11424 13065 12805 12542 12549 14512 14509 14337 14073 13561 14065 16713 16519 17015 16223 15277 18382 18565 16144 16928 17076 17352 17204 16143 15462 15766 16026 16004 15990 16228 13443 13575 13699 13826 13793 13795 13827 13797 13675 13672 13678 13733 13777 13925 14117
11931 11868 11860 11817 11860 11854 11842 11719 11453 11297 13081 13055 14367 12086 12477 14140 13949 16270 16365 16034 15378 15129 14944 15097 15816 16324 16731 16938 17033 16716 15484 15593 15861 15970 16062 13221 13402 13593 13906 13817 13788 13860 13943 13923 13932 13677 13713 13753 13805 13941 14107
11904 11883 11904 11902 11873 11856 11891 11868 11665 11731 11230 11531 51 12484 12779 14592 14067 16546 16224 15865 15787 15551 15206 15380 15676 16054 16454 16475 16643 16568 16261 16225 16079 16108 16108 13266 13353 13799 13763 13918 13972 14062 14032 13967 14092 13751 13736 13787 13865 13977 14079
11869 11904 11938 10353 11878 11849 11920 10453 10539 10495 11772 11757 35 12510 11600 12906 14148 13823 16404 16152 16016 15703 15941 16487 15806 16129 16459 16327 16782 14514 14568 14090 16485 16242 16231 13217 13542 13642 13798 14122 14072 14119 14082 14003 14078 13773 13707 13789 13883 13978 14040
11852 11898 11946 10398 11881 11870 11935 10577 11038 10611 9736 11463 11750 54 13022 13044 14243 14096 14174 16233 15851 15731 15878 16391 16922 17207 17013 16657 17096 15305 15352 14596 13764 13286 13224 13355 13655 13887 14282 14243 14167 14119 14096 14006 14119 14010 13829 13823 13868 13950 14004
11844 11884 11930 10341 11886 11913 10361 10676 9723 10993 9806 11706 11819 12850 12287 14421 14140 14197 14322 14263 16527 15769 16073 16931 14793 15089 14606 17079 17317 15044 15155 14575 13828 13372 13274 13468 13722 14048 14296 14305 14191 14163 14147 14099 13968 13896 13901 13854 13806 13880 13968
11774 11877 11924 10329 11915 10351 10421 10689 10991 10814 10944 11413 11652 12489 12325 14025 13880 14197 14487 14872 13833 15787 16321 17551 15208 15312 14791 17325 17540 14639 14831 14640 13965 13378 13277 13501 13845 14196 14381 14389 14281 14243 14140 13954 13949 13828 13719 13800 13728 13829 13933
11777 11879 11928 11951 11949 10464 10407 10701 10687 10349 11717 11154 11324 12723 12464 13999 13977 14507 14886 14700 13558 15571 16766 14983 15320 15249 14753 17355 17404 14744 15199 14962 14069 13473 13393 13597 13968 14339 14423 14516 14319 14290 14087 13985 14326 13956 13733 13708 13695 13790 13918
11844 11891 11932 10334 10370 10510 11927 10705 11830 11625 13036 13064 12936 12926 14724 14650 15028 15571 15411 14907 16474 15488 16921 15015 15074 17791 17666 17377 17508 15109 15497 15229 14401 13691 13618 13650 13915 14228 12065 12056 14532 14355 14103 14072 13906 13898 13794 13700 13793 13779 13927
11838 11885 11917 11940 10434 10534 11903 10803 11294 11451 14439 13958 13691 14435 14934 12897 13829 14295 13765 15091 16411 15507 17053 15320 15376 17993 17738 17548 14966 15659 15737 15510 14962 14110 13737 13571 13924 14261 14495 14401 14528 14186 14019 14124 13880 13822 13839 13714 13668 13764 13923
11821 11871 11895 11902 10451 10450 10371 10505 12864 13113 12659 14432 13907 14268 15081 13494 14266 14640 13746 14790 16277 15641 17170 15675 16047 15383 17561 17664 15626 16027 15782 15624 15309 14606 13864 13624 13970 14222 14288 14440 14260 14136 13958 14077 13920 13788 13854 13744 13698 13799 13966
11721 11850 11863 11849 10370 11947 10440 11490 12724 13270 13461 12861 14423 14254 14858 15778 16408 16411 15763 14140 15706 15753 17329 16148 16412 15403 17216 17601 15894 15925 15774 15780 15485 14924 14007 13680 13878 14214 14382 14318 14155 14123 13950 14048 13924 13796 13856 13787 13760 13874 14043
11766 11826 11835 11816 11919 11885 11858 12958 13008 12114 12172 13136 14516 13862 14518 14918 15666 15550 14802 16330 15568 16218 14724 16614 16635 18191 17013 17559 18344 15376 15604 15824 15512 14953 14080 13701 13767 14134 14113 14398 14257 14114 13953 14022 13961 13838 13855 13849 13850 13954 14130
11744 11797 11813 11795 11874 11845 11675 12717 11473 11175 12418 13702 14852 16903 17200 17543 18021 17440 16113 15478 15830 16933 15452 14439 16706 18039 17057 17729 18176 18009 15475 15776 15476 14890 14080 13676 13761 14064 14044 14224 14203 14221 14043 14094 14043 13983 13893 13934 13966 14065 14226
11728 11763 11798 11788 11845 11842 11641 12822 13472 12683 13852 13796 14740 16860 17318 17350 17126 16142 15159 15245 16156 14403 15933 16869 16489 18064 16970 17859 18223 17771 18194 15911 15599 14856 13917 13500 13753 13995 14033 14119 14006 14256 14160 14163 14133 14075 13989 14044 14105 14204 14324
11704 11729 11782 11781 11838 11873 11742 12910 13257 12203 15169 15088 16834 16870 14971 17243 15961 15212 18371 14957 15642 14267 16011 16653 16095 17926 16939 17696 17964 17619 17859 15533 15292 14447 13680 13338 13684 13895 14004 14060 13924 14249 14206 14165 14171 14133 14069 14153 14244 14334 14447
11680 11699 11767 11769 11836 11925 11897 13103 13024 13682 17483 17000 16317 17482 15557 14423 15913 15137 15083 15123 15438 14536 16150 16475 15911 17876 17146 17683 17980 18083 15371 15159 14643 13990 16497 13356 13693 13823 14018 14045 13923 14242 14237 14214 14231 14242 14177 14256 14378 14474 14579
11572 11678 11749 11728 11810 11964 11976 13266 13506 12242 14995 17231 16602 17719 15554 17044 15782 15463 15544 15543 15985 15205 16072 16223 18687 17913 17488 17945 18033 18188 15391 14980 17190 16680 16422 13425 13694 13798 14026 14081 13976 14212 14276 14292 14261 14276 14259 14353 14494 14614 14725
11549 11658 11725 11621 11715 11994 12017 11849 12527 12635 15403 17360 16624 17362 15014 17019 15789 15448 15527 15726 16681 15500 15831 15922 15651 18125 17749 17813 17933 18151 15144 14791 17098 16649 13519 13689 13796 13860 13975 14169 14071 14182 14290 14317 14349 14325 14347 14417 14575 14706 14840
11618 11641 11687 11559 11685 12004 12040 12046 9127 11486 15568 17376 16847 17566 15166 14294 16034 15556 16280 15978 14019 13028 15893 15756 15583 18371 18114 18142 18112 17975 17776 14464 14091 13834 13739 13836 13871 13842 13992 14199 14234 14348 14386 14348 14322 14223 14336 14406 14597 14751 14886
11613 11620 11646 11568 11697 11969 10544 13275 9201 11521 13226 14494 17067 17488 14677 14342 16353 16128 14258 16474 13885 15378 15742 15423 15294 18302 18086 18098 17930 17558 17469 14263 14107 13919 13949 13983 14008 13994 14130 14250 14104 14184 14422 14420 14260 14250 14366 14384 14552 14718 14887
11592 11593 11621 11599 11710 12007 10970 11928 9309 11796 13795 15210 17409 14627 14905 14494 13805 13614 13874 16438 14189 15237 15407 15304 15252 15220 18006 17976 17686 17531 14492 14128 14230 14103 14064 14097 14153 14120 14208 14194 14189 14251 14356 14327 14255 14252 14337 14379 14548 14710 14866
11567 11568 11603 11627 11691 11965 10862 9943 9645 12621 12052 13332 15317 14977 14896 14525 14196 13989 14131 14138 14627 15144 15316 15289 15102 15039 14878 14838 17564 17430 14265 14134 14059 14041 14006 13988 14074 14146 14176 14205 14271 14299 14332 14310 14310 14258 14291 14362 14520 14677 14824
11523 11530 11595 11643 11691 11746 11782 12120 10347 8814 11458 13362 14935 14394 14492 15006 12580 13028 12870 12690 12517 12967 13026 15291 14821 14637 14507 14437 17312 14187 14187 14239 14311 14223 14136 14042 14025 14054 14131 14218 14339 14379 14416 14413 14412 14350 14364 14413 14531 14648 14769
11474 11511 11591 11650 11676 11497 11168 11684 10309 8031 10180 13532 14738 16918 14317 15012 13219 12098 11591 13156 12928 13243 13178 15334 14757 14610 14387 14358 14224 14146 14211 14381 14407 14364 14285 14170 14093 14088 14136 14335 14442 14485 14514 14498 14461 14423 14421 14449 14521 14617 14709
11428 11518 11599 11660 11682 11550 11261 11683 9518 8276 9605 11905 14870 14051 14838 12765 13219 12120 11178 11437 12966 13389 13296 15423 14930 14814 14628 14593 14360 14220 14344 14516 14559 14561 14484 14419 14294 14258 14312 14474 12058 12093 12100 12050 14520 14465 14455 14465 14510 14578 14640
