---
OvercastDevelopment Potential [ft] Valid 1300 PST ~Z75~(2100Z)~Z~ FRI 19 May 2017 ~Z75~[21hrFcst@1439z]~Z~
Model= RASP Region= PANOCHE Grid= d2 Reskm= 4.0 Indexs= 1 51 1 69 Proj= lambert 4000 4000 40.0000 40.0000 -73.0000 36.6487 -121.0445
Day= 2017 5 19 FRI ValidLST= 1300 PST ValidZ= 2100 Fcst= 21.0 Init= 12 Param= zblcldif Unit= ft Mult= 1 Min= -18055 Max= 1
-11635 -11531 -11345 -13034 -12777 -12445 -12130 -14128 -13417 -15030 -13771 -11387 -11794 -11966 -8467 -8327 -8228 -8073 -7629 -7299 -6943 -6727 -6509 -9936 -9813 -9629 -9428 -9208 -9034 -8794 -8565 -8143 -7808 -7505 -11322 -11044 -10755 -10654 -10621 -10667 -10713 -10809 -10900 -11130 -11588 -12412 -8754 -9501 -9830 -9988 -9937
-11618 -11518 -11338 -11041 -12825 -12495 -12125 -14149 -13521 -15690 -17146 -12369 -12186 -12387 -8757 -8513 -8308 -8011 -7476 -7133 -6784 -6563 -9978 -9882 -9745 -9612 -9448 -9257 -9159 -8955 -8749 -8440 -8043 -7764 -11505 -11231 -10972 -10754 -10742 -10819 -10862 -10964 -11051 -11326 -11734 -12397 -8821 -9647 -9978 -10141 -10090
-11603 -11497 -11329 -11077 -12838 -12468 -11968 -14030 -13449 -15835 -14761 -13290 -12748 -9101 -8988 -8700 -8359 -7977 -7441 -6995 -6623 -10000 -9885 -9773 -9716 -9669 -9561 -9420 -9335 -9168 -8950 -8712 -8390 -8005 -7598 -11389 -11177 -10995 -10848 -10947 -10996 -11114 -11253 -11558 -11914 -8314 -8920 -9661 -10127 -10295 -10276
-11589 -11465 -11282 -11075 -12843 -12495 -14431 -13782 -13125 -15787 -15520 -13619 -9390 -9387 -9159 -8714 -8461 -8038 -7509 -6996 -6511 -9862 -9614 -9577 -9688 -9765 -9690 -9608 -9458 -9337 -9123 -8958 -8749 -8305 -7866 -11568 -11331 -11167 -11002 -11041 -11102 -11253 -11461 -11795 -12136 -8443 -9261 -9792 -10264 -10441 -10424
-11575 -11432 -11215 -13029 -12917 -12872 -12385 -13757 -15860 -15431 -13772 -12965 -9463 -9504 -9244 -8784 -8431 -8136 -7789 -7231 -9900 -9440 -9218 -9364 -9675 -9898 -6358 -6270 -9458 -9316 -9051 -8834 -9208 -8829 -8404 -7896 -11489 -11107 -11101 -11215 -11304 -11473 -11605 -11845 -8213 -8821 -9717 -9933 -10386 -10577 -10546
-11557 -11383 -11112 -12906 -12729 -12455 -14476 -13736 -13064 -12577 -13352 -9378 -9651 -9675 -9336 -8764 -8233 -7899 -7317 -6373 -9488 -9354 -9473 -9764 -6551 -6734 -6722 -6452 -6211 -9541 -9399 -9020 -8970 -8700 -8496 -8095 -11801 -11209 -11191 -11343 -11475 -11598 -11738 -7865 -8359 -8981 -9888 -10011 -10517 -10721 -10689
-11537 -11327 -13035 -12737 -12521 -12149 -14134 -13251 -16022 -15269 -13488 -9712 -10037 -9885 -9382 -8733 -8236 -7574 -6557 -9581 -9358 -9505 -9739 -6531 -7006 -7080 -6904 -6625 -6546 -6423 -6278 -9711 -9275 -8775 -8399 -8290 -12059 -11344 -11271 -11374 -11525 -11627 -7894 -8248 -8541 -9026 -10155 -10371 -10662 -10892 -10908
-11521 -11270 -12939 -12532 -12216 -14307 -13687 -15762 -14031 -14054 -10077 -10158 -10445 -9983 -9192 -8580 -7915 -6668 -9167 -9087 -9314 -9691 -10015 -6978 -7391 -7349 -6926 -6742 -6816 -6790 -6756 -9608 -9187 -8494 -8274 -8306 -8239 -12046 -11425 -11486 -11519 -11694 -8040 -8818 -8897 -9741 -10150 -10534 -10815 -11027 -11042
-11508 -11207 -12829 -12294 -14427 -13979 -13124 -15271 -14801 -15240 -10510 -10893 -10860 -9648 -8608 -8031 -7183 -9490 -8761 -9039 -9582 -9924 -6625 -7133 -7528 -7377 -6910 -6803 -7082 -7073 -7166 -9852 -8658 -11942 -12077 -8226 -12247 -12186 -11988 -12082 -11863 -11913 -8073 -9652 -10561 -10539 -10288 -10698 -10967 -11047 -11128
-11501 -11143 -12706 -12012 -14110 -13594 -15934 -15202 -15030 -14951 -10909 -11649 -7700 -9127 -8028 -7190 -9927 -9144 -8848 -9312 -9855 -10083 -6720 -7242 -7659 -7449 -6974 -7127 -7294 -7085 -10355 -9091 -12092 -11690 -12038 -8424 -12510 -12488 -12107 -12207 -12467 -12218 -12287 -9167 -10724 -10980 -10529 -10836 -11003 -11200 -11122
-11491 -11066 -12571 -14299 -13702 -16154 -15496 -14799 -16237 -10894 -11532 -8641 -10177 -8533 -7283 -10024 -9746 -9097 -8903 -9409 -9892 -10096 -6776 -7392 -7829 -7616 -7174 -7471 -7381 -7122 -9219 -12181 -11924 -12007 -12141 -12579 -12707 -12698 -12769 -12538 -8661 -8816 -8325 -8834 -10311 -10898 -10822 -10810 -11200 -11274 -11180
-11490 -13032 -12432 -14015 -13113 -15386 -15027 -15004 -15678 -11280 -9053 -8389 -9405 -7788 -6915 -9720 -9615 -8927 -8849 -9320 -9818 -10114 -6922 -7467 -7881 -7813 -7751 -7505 -6585 -9267 -8332 -8339 -8587 -8644 -8796 -8691 -8808 -12835 -9395 -9168 -8916 -9051 -8760 -8979 -9686 -10802 -11079 -11090 -11298 -11357 -11264
-11490 -12973 -12286 -13711 -15654 -15001 -14729 -15451 -10773 -11374 -8883 -7507 -8452 -6955 -9752 -9336 -9428 -9189 -9060 -9421 -9918 -10177 -6885 -7256 -7794 -7880 -8035 -7584 -9867 -8490 -8713 -9286 -9417 -9106 -9281 -9025 -8773 -8889 -9821 -9935 -9581 -9854 -9919 -9362 -10186 -10688 -11055 -11155 -11349 -7812 -7841
-11489 -12927 -12178 -13500 -15404 -14880 -14582 -15115 -10765 -7923 -7986 -9740 -7915 -6683 -9360 -8861 -9710 -9761 -9293 -9544 -10045 -10254 -6734 -6915 -7462 -7943 -8109 -7412 -9672 -9032 -9450 -9939 -10128 -9821 -9944 -10252 -9081 -8916 -9026 -9810 -9777 -10088 -10414 -9846 -10531 -10770 -10895 -11183 -11504 -8033 -8099
-11504 -12890 -12101 -13374 -15288 -14765 -18055 -14687 -10524 -7615 -7261 -9322 -7635 -9873 -8726 -9248 -10220 -10247 -9433 -9609 -10098 -10380 -6993 -7186 -7546 -8146 -8081 -7185 -6443 -10050 -9972 -10036 -10365 -10413 -10623 -11337 -11150 -9703 -9154 -9188 -9541 -9455 -10257 -11163 -11088 -11209 -11214 -11495 -8177 -8378 -8538
-11548 -12859 -12059 -13335 -15226 -14700 -14434 -11327 -10640 -7296 -9697 -8684 -6759 -9005 -9137 -10059 -6983 -10012 -9423 -9637 -10112 -10423 -7207 -7515 -7863 -8315 -8067 -7328 -7139 -7350 -6924 -10192 -10562 -7683 -8095 -7956 -11600 -10336 -9745 -9476 -10009 -10140 -10001 -11046 -11587 -8490 -11966 -8605 -9011 -9267 -9405
-11640 -12858 -12045 -13319 -15191 -14671 -14475 -11489 -11152 -10626 -9512 -7503 -9401 -9179 -9886 -7040 -6972 -9728 -9212 -9617 -10075 -10388 -7106 -7436 -7975 -8303 -7935 -7446 -7718 -7808 -7245 -7001 -7691 -8576 -8785 -8422 -8036 -10822 -10357 -9256 -9888 -10295 -10608 -11415 -12011 -8766 -9134 -9324 -9544 -9801 -10042
-11803 -12882 -12058 -13343 -15230 -14696 -14554 -11864 -8516 -7617 -8746 -10180 -9195 -9300 -10212 -6803 -10238 -9711 -9159 -9599 -10007 -10280 -6856 -7250 -7986 -8212 -7682 -7470 -7945 -7496 -6808 -7628 -8687 -9174 -9285 -8654 -11522 -10578 -10217 -9880 -9864 -10143 -10695 -11915 -8601 -9168 -9311 -9651 -9908 -10200 -10477
-10529 -12937 -12106 -13402 -15361 -14896 -14909 -12221 -8827 -7324 -7973 -9600 -9387 -9808 -10443 -10278 -10018 -9591 -9158 -9511 -9958 -10218 -6785 -7299 -7966 -8062 -7722 -7658 -7495 -6805 -7179 -8445 -6290 -9491 -9283 -8225 -11044 -9944 -9774 -9864 -9982 -10294 -10865 -12004 -8870 -9348 -9595 -9919 -10163 -10462 -10760
-10759 -12970 -12115 -13426 -15497 -15150 -12369 -8347 -8538 -7006 -7650 -9639 -9621 -10041 -10136 -10183 -10203 -9668 -9390 -9502 -9916 -10133 -6723 -7330 -7906 -7950 -7769 -7452 -6954 -7031 -7836 -8580 -9258 -9209 -8628 -11508 -10684 -9667 -9566 -9783 -9854 -10350 -11229 -11753 -8870 -9397 -9726 -10069 -10281 -10571 -10912
-10792 -12994 -12097 -13413 -15480 -15091 -12507 -8526 -7892 -6518 -7577 -10000 -9854 -9891 -9913 -10128 -10102 -9514 -9445 -9675 -9988 -10163 -10325 -7294 -7840 -7958 -7735 -6734 -6937 -7315 -7887 -8687 -8827 -8721 -11612 -10851 -10216 -9518 -9514 -9949 -10032 -10286 -11128 -11828 -8808 -9427 -9663 -9990 -10206 -10502 -10900
-10783 -12988 -12055 -13356 -15321 -14898 -15072 -9629 -7667 -6657 -7849 -10253 -10067 -9803 -10052 -10403 -10069 -9555 -9642 -9856 -10073 -10281 -6925 -7375 -7877 -8029 -7173 -9517 -6656 -7512 -8564 -8713 -11600 -11546 -10825 -10396 -10122 -10088 -9910 -10021 -10183 -10837 -11550 -11623 -8557 -9411 -9988 -10033 -10077 -10388 -10762
-10774 -12984 -12041 -13321 -15276 -14820 -14873 -12828 -8191 -6998 -8254 -7234 -10286 -10164 -10431 -10101 -9614 -9434 -9532 -9827 -10184 -10385 -7023 -7469 -8210 -8255 -10510 -9983 -10395 -11239 -11628 -11012 -10540 -10652 -9807 -9772 -9683 -9788 -9628 -9968 -10667 -11004 -11677 -11956 -12439 -9280 -9933 -10005 -10050 -10255 -10822
-10726 -12963 -12038 -13292 -15218 -14759 -14783 -12942 -9296 -6929 -8327 -7363 -10502 -10777 -10671 -10028 -13349 -13056 -9174 -9853 -10333 -10488 -6987 -7559 -8406 -8410 -7632 -10573 -10963 -10906 -10464 -10009 -10133 -10353 -9714 -13332 -9424 -9716 -9779 -9616 -10572 -11158 -11487 -11753 -8697 -9282 -9945 -9932 -10095 -10440 -10848
-10644 -12941 -12065 -13288 -15196 -14746 -14917 -13250 -9367 -6589 -7865 -7469 -11175 -11586 -10867 -9995 -13256 -12684 -9290 -9916 -10396 -10438 -10525 -7646 -8548 -8740 -7679 -10563 -10953 -10671 -9789 -9571 -10122 -10353 -9279 -13191 -13207 -9702 -9848 -9825 -10311 -11248 -11237 -11327 -12050 -9180 -9696 -9959 -10262 -10555 -10942
-10511 -12938 -12104 -13313 -15177 -14891 -12440 -8999 -7943 -6839 -8262 -8393 -8916 -11892 -10947 -10134 -13524 -13063 -9420 -10032 -10207 -10375 -6988 -7616 -8434 -8527 -7540 -10259 -10521 -9739 -9625 -10190 -10532 -10478 -9344 -13172 -12778 -9131 -9399 -9867 -10101 -10680 -11153 -11512 -11565 -8913 -9639 -9846 -10155 -10561 -10909
-10314 -12946 -12168 -13365 -15057 -14670 -12159 -8878 -7724 -6481 -9038 -7045 -10584 -8686 -11026 -10244 -13715 -9234 -9590 -10154 -10345 -10482 -7013 -7389 -7878 -8022 -7487 -10333 -9885 -9538 -9875 -10546 -10982 -10172 -9749 -9314 -12729 -12654 -13114 -9820 -10545 -10596 -11272 -11551 -11704 -8568 -9197 -9544 -9968 -10324 -10665
-11770 -12971 -12269 -13566 -15365 -14657 -11520 -8738 -7576 -8899 -9344 -10566 -10240 -8780 -11126 -10168 -13714 -9360 -9897 -10362 -10567 -10607 -7061 -7170 -7421 -7774 -7487 -10338 -9914 -10138 -10251 -10444 -10596 -10002 -9585 -9527 -13447 -13149 -13237 -9806 -10737 -10853 -11185 -11243 -11377 -8512 -9004 -9168 -9603 -9941 -10238
-11749 -12864 -12356 -13828 -16002 -15102 -11752 -8889 -7034 -8797 -9014 -9358 -9147 -8422 -11267 -10429 -13578 -9447 -10336 -10710 -10727 -7106 -7189 -7265 -7428 -7718 -7356 -10309 -10170 -10486 -10389 -10277 -10337 -9555 -9442 -9260 -13505 -9297 -9431 -10287 -11406 -11278 -11490 -11452 -11487 -11490 -8488 -8874 -9268 -9617 -9880
-11697 -12863 -12396 -13996 -13485 -15662 -12090 -8177 -7043 -9304 -9197 -8721 -8402 -8466 -11694 -10893 -13741 -10202 -10682 -10911 -7403 -7368 -7284 -7205 -7299 -7441 -7154 -10480 -10221 -9952 -9936 -10242 -10524 -9574 -9255 -13331 -13633 -9674 -9525 -10401 -11465 -11518 -11618 -11400 -11392 -11412 -11857 -8610 -8968 -9298 -9545
-11668 -12877 -12433 -14091 -13687 -15938 -12007 -7953 -6777 -9142 -9139 -9198 -8496 -9183 -9005 -11029 -9618 -10505 -11032 -8038 -8023 -7444 -10426 -10368 -10541 -7089 -7435 -10662 -9951 -9172 -9589 -10216 -10607 -9813 -9397 -13280 -9799 -9882 -9499 -10036 -11197 -11415 -11634 -11349 -11443 -11346 -11607 -12075 -8682 -8967 -9205
-11713 -12890 -12301 -14143 -13670 -15313 -10907 -10208 -9418 -8910 -9245 -9176 -8816 -9832 -9813 -11056 -10474 -11066 -11560 -8705 -8395 -7073 -9781 -10116 -10729 -10895 -10883 -7104 -10031 -9465 -9689 -10276 -10580 -9935 -9769 -9639 -9992 -9759 -9687 -10348 -11100 -11170 -11358 -11387 -11548 -11348 -11517 -11832 -8459 -8704 -8895
-11648 -12908 -12301 -14121 -13438 -14657 -10373 -9815 -9280 -9581 -10023 -9659 -9840 -8093 -10512 -11526 -10928 -11618 -11987 -9003 -8349 -10355 -9635 -10405 -11333 -7900 -10724 -6746 -6814 -10256 -10247 -10422 -10271 -10107 -9934 -9780 -9865 -9972 -10190 -11099 -11627 -11359 -11848 -11441 -11616 -11442 -11383 -11678 -11872 -8503 -8626
-11570 -12938 -12314 -14062 -15154 -13871 -9901 -9496 -9488 -10209 -10009 -10007 -10483 -8538 -11382 -12151 -11936 -12556 -9184 -9362 -8459 -10275 -10142 -10861 -8085 -8081 -7488 -7364 -7681 -10747 -10391 -10499 -10478 -10190 -10196 -10048 -9532 -9943 -10074 -10891 -11797 -11610 -12005 -11672 -11540 -11553 -11496 -11603 -11763 -8287 -8419
-11539 -10942 -12332 -14043 -15573 -13971 -9793 -9601 -9632 -9757 -13112 -12777 -10088 -11224 -11494 -13172 -12605 -13339 -9974 -9870 -8802 -10852 -10664 -11150 -11725 -11598 -8063 -8456 -8475 -7281 -10237 -10208 -10052 -9972 -10063 -10129 -10348 -10592 -10630 -10818 -11721 -11935 -11909 -12092 -11666 -11470 -11603 -11553 -11604 -11724 -8249
-11540 -10969 -12334 -14008 -15401 -13699 -13252 -9577 -9573 -10030 -12509 -12420 -9494 -10587 -11002 -12544 -13153 -13879 -10602 -10361 -9273 -11390 -11044 -11098 -11454 -11511 -8256 -8890 -8666 -7716 -10322 -10048 -10062 -9837 -9811 -9904 -10561 -11102 -11211 -11241 -11462 -12080 -12055 -12156 -12115 -11657 -11655 -11605 -11571 -11649 -11757
-11579 -11026 -12368 -13983 -15756 -14183 -13237 -9345 -12630 -12947 -12193 -12577 -13044 -9953 -11059 -14044 -13625 -14245 -10977 -10571 -9490 -11502 -10970 -11077 -11563 -11672 -8316 -8848 -8917 -8287 -10746 -10124 -10184 -9874 -9845 -9924 -10876 -11224 -11352 -11492 -11676 -12127 -12495 -11977 -11846 -11883 -11935 -11802 -11706 -11631 -11678
-11601 -11077 -12553 -14097 -13296 -14743 -13143 -12693 -12628 -12585 -12587 -12944 -13599 -13827 -14748 -14365 -14273 -14492 -11126 -10339 -9208 -11508 -10834 -11322 -11540 -11781 -8381 -8661 -8705 -8250 -11058 -10456 -10509 -10272 -9857 -9823 -10805 -11335 -11529 -11608 -11795 -12237 -12582 -12372 -12026 -12144 -12012 -11820 -11807 -11697 -11613
-11601 -11107 -12612 -14248 -13725 -15661 -12886 -12334 -12261 -13101 -13632 -13977 -14437 -14804 -15040 -11743 -14897 -14675 -10995 -10019 -8671 -11331 -10923 -11450 -11753 -11912 -8381 -8356 -8036 -11012 -10618 -10391 -10642 -10454 -9919 -9962 -10475 -11109 -11481 -11655 -11805 -12185 -12474 -12392 -12021 -12263 -12145 -11827 -11717 -11661 -11645
-11608 -11216 -12678 -14402 -13944 -16024 -15014 -12906 -12645 -13378 -14188 -14554 -15004 -12228 -11916 -12938 -11903 -14792 -10500 -9609 -11517 -11204 -11148 -11658 -11961 -12177 -8511 -8083 -11006 -10459 -10391 -10471 -10317 -10484 -10065 -10332 -10569 -11071 -11301 -11541 -11766 -12231 -12345 -12441 -12096 -11962 -12044 -11772 -11758 -11819 -11835
-11605 -11255 -12783 -12056 -13980 -13491 -13211 -13909 -13890 -12553 -13179 -13028 -13322 -13943 -14168 -14023 -12689 -14920 -13889 -12589 -11224 -11130 -11597 -11851 -12498 -12431 -8662 -7925 -10638 -10101 -10079 -10432 -10282 -10401 -10234 -10553 -10570 -11097 -11242 -11601 -11689 -12115 -12110 -12082 -12422 -12138 -11770 -11747 -11598 -11833 -11886
-11583 -11314 -12920 -12369 -11972 -14141 -14078 -14589 -13263 -13616 -12834 -12936 -12488 -11794 -11550 -11756 -13642 -15195 -13861 -12690 -11296 -11279 -11888 -12459 -9656 -9359 -8831 -11257 -10223 -9606 -9773 -10392 -10276 -10395 -10168 -10511 -11016 -11325 -11348 -11610 -11756 -11929 -12285 -11988 -12064 -11916 -11863 -11735 -11730 -11872 -11961
-11547 -11403 -11089 -12801 -12814 -12587 -12248 -13852 -11519 -11032 -11478 -13809 -13368 -13131 -12884 -12668 -11719 -12817 -14512 -12628 -11796 -11787 -12060 -12958 -10460 -10225 -9249 -11453 -10374 -9756 -10122 -10456 -10435 -10398 -10314 -9933 -10835 -11396 -11543 -11410 -11946 -11926 -12260 -12214 -12216 -11680 -11787 -11733 -11847 -11949 -8475
-11509 -11440 -11269 -13058 -11140 -11061 -12844 -13008 -12948 -12850 -12939 -11607 -11527 -13661 -13095 -13018 -12752 -14079 -14706 -13312 -12624 -12524 -12632 -13182 -10412 -10357 -9943 -12488 -11407 -11018 -10893 -10791 -10867 -10798 -10627 -10271 -10944 -11406 -11811 -11554 -11604 -12279 -12429 -12002 -11796 -11740 -11751 -11856 -11889 -11989 -8481
-11468 -11445 -11383 -11273 -11346 -11351 -11271 -11254 -11180 -11134 -11236 0 -12167 -11454 -11374 -11460 -13023 -14313 -12226 -14524 -13649 -13014 -12899 -13274 -10375 -10762 -10550 -9693 -8671 -15322 -7916 -7720 -7759 -11304 -10843 -10882 -10890 -11221 -12047 -12176 -11904 -12158 -12924 -12963 -12488 -11882 -11718 -11844 -11893 -12002 -8556
-11425 -11422 -11411 -11386 -11424 -11413 -11391 -11378 -11312 -11391 -11188 -11504 0 -12197 -11644 -11702 -13264 -11812 -13066 -11936 -14755 -13812 -13788 -10654 -11130 -11223 -10755 -10054 -9455 -8634 -8107 -8200 -8067 -11985 -11489 -11131 -11225 -11534 -11972 -12789 -13162 -13104 -12902 -9567 -13008 -12068 -12099 -11934 -11901 -11987 -8558
-11389 -11406 -11419 -11437 -11426 -11382 -11379 -11373 -11373 -11401 -11244 -11540 1 -12314 -11735 -11598 -13234 -12210 -14530 -13613 -12162 -10963 -13186 -13313 -12419 -11793 -10820 -10313 -9971 -9335 -8678 -8369 -8234 -8766 -8829 -11861 -11867 -11990 -11928 -13170 -13229 -9880 -9755 -9728 -9669 -12156 -12392 -12056 -11979 -12027 -8569
-11366 -11383 -11408 -11414 -11379 -11335 -11346 -11336 -11357 -11335 -11367 -11223 -11294 0 -11845 -13696 -12970 -12131 -12382 -12174 -13157 -12487 -9555 -10009 -9309 -8370 -7512 -7240 -7270 -6807 -6167 -8779 -8771 -9147 -9733 -9453 -10124 -10300 -10654 -13783 -10324 -10073 -10022 -9814 -9722 -12885 -12383 -12375 -12092 -12095 -8627
-11346 -11360 -11372 -11377 -11324 -11319 -11322 -11287 -11302 -11324 -11358 -11251 -11268 0 -11690 -11206 -13032 -12322 -12344 -11836 -10140 -9497 -9409 -9117 -8777 -7969 -7330 -7109 -7142 -6816 -6562 -9581 -9845 -9658 -10021 -10197 -10524 -11457 -11456 -10995 -10445 -10483 -10182 -9979 -9508 -12639 -12565 -12565 -12129 -12157 -8745
-11328 -11334 -11339 -11335 -11283 -11324 -11262 -11242 -11300 -11305 -11273 -11105 -13041 0 -11464 -13468 -12628 -12539 -12884 -11613 -9791 -8897 -8688 -8622 -8431 -7828 -7232 -7073 -6994 -6775 -6966 -7456 -7697 -10154 -10204 -10506 -10957 -11271 -11608 -11435 -11018 -10628 -10114 -9654 -10021 -12893 -9148 -8995 -12113 -12241 -8884
-11310 -11311 -11314 -11208 -11177 -11281 -11178 -11295 -11274 -11178 -13063 -12917 -12894 -12869 -13710 -12360 -12126 -12849 -10624 -8804 -9735 -8527 -8695 -8659 -8299 -7758 -7210 -6834 -6748 -6853 -7259 -7701 -7895 -10401 -10690 -10674 -11183 -11786 -11713 -11763 -11338 -10703 -9970 -10499 -16122 -13178 -12607 -12450 -12347 -8733 -8993
-11291 -11288 -11269 -11185 -11167 -11225 -11170 -11349 -11073 -11055 -12709 -12529 -12770 -13840 -13340 -12405 -12484 -10736 -9526 -10001 -9134 -8086 -11354 -8345 -7994 -7729 -7290 -6716 -6511 -6848 -7184 -7681 -7963 -10733 -10869 -10571 -10590 -11239 -11588 -11767 -11440 -10778 -9829 -10160 -10412 -12942 -12632 -12529 -9573 -9033 -9207
-11273 -11267 -11228 -11204 -11227 -11204 -11255 -11293 -12939 -13023 -12712 -11907 -12205 -12978 -13024 -10280 -10305 -8597 -8972 -10667 -10312 -9916 -10597 -8354 -8353 -7642 -7114 -6817 -6636 -6775 -6899 -7291 -10773 -10575 -10725 -10360 -10679 -10965 -11244 -11256 -11098 -10161 -9550 -9933 -10150 -9621 -12852 -12645 -8961 -9060 -9214
-11254 -11250 -11216 -11231 -11304 -11216 -11313 -11124 -12881 -13689 -12517 -12167 -12392 -10408 -10384 -10472 -8337 -8458 -9270 -11853 -11776 -12144 -9946 -8419 -8590 -7416 -6569 -6828 -6631 -6444 -9542 -9753 -10211 -10478 -10292 -10320 -10896 -10856 -10679 -10803 -10277 -10060 -13158 -9672 -10048 -9689 -9358 -9231 -9095 -9154 -9333
-11078 -11236 -11180 -11224 -11302 -11228 -11279 -13045 -12824 -13224 -11966 -12531 -10178 -10440 -10258 -9766 -7283 -9811 -11878 -11024 -10816 -11883 -10077 -8697 -8491 -6990 -5648 -6354 -6375 -9232 -9227 -9352 -9713 -9990 -9803 -10235 -10543 -10661 -10853 -10387 -10040 -9973 -9726 -9563 -9893 -9866 -9456 -9556 -9397 -9480 -9643
-11213 -11223 -11165 -11232 -11285 -11228 -11217 -13033 -12774 -12817 -11458 -11253 -9136 -9520 -9589 -7881 -6495 -9204 -11572 -10859 -11159 -12684 -10649 -8647 -8461 -6842 -8348 -8333 -8927 -8929 -9021 -9186 -9493 -9591 -9043 -10013 -10031 -10283 -9892 -10126 -9975 -9944 -9917 -9816 -9881 -10052 -9757 -9708 -9723 -9767 -9873
-11188 -11209 -11158 -11251 -11273 -11216 -11184 -11087 -13245 -14543 -10732 -9972 -9934 -7714 -7445 -6761 -7990 -8547 -10782 -10260 -11631 -13204 -11090 -8758 -8528 -6970 -8206 -7971 -8629 -8626 -8740 -9088 -9461 -9611 -9387 -9766 -10254 -10230 -13423 -13030 -12882 -10144 -10307 -10117 -10395 -10429 -9948 -9861 -9881 -9912 -10035
-11185 -11195 -11196 -11291 -11264 -11214 -11211 -11258 -13155 -14420 -10663 -9197 -8618 -6463 -6596 -8208 -10255 -11828 -10976 -10718 -11290 -13373 -11544 -9112 -8834 -7094 -8273 -8415 -8582 -8925 -9001 -9333 -9461 -9334 -9016 -9362 -10044 -10114 -13417 -10106 -13079 -10059 -10438 -10497 -10347 -10520 -10315 -10166 -10192 -10257 -10309
-11178 -11182 -11228 -11305 -11266 -11232 -11273 -11468 -11181 -11841 -10732 -8760 -8087 -8396 -5759 -7185 -9130 -11960 -11216 -10719 -14782 -13245 -11534 -9063 -8683 -7206 -8576 -9004 -9632 -9592 -9649 -9513 -9094 -8699 -8798 -12575 -9932 -10074 -13450 -10188 -10058 -10148 -10304 -10590 -10700 -10573 -10484 -10498 -10542 -10584 -10598
-11167 -11154 -11232 -11307 -11261 -11262 -11336 -11715 -10410 -12640 -10817 -8745 -7884 -8169 -7988 -10294 -9336 -12212 -11779 -11126 -10939 -13363 -11498 -8933 -8501 -7302 -9205 -9562 -9911 -9923 -9535 -9232 -8635 -11709 -11741 -12436 -9883 -10142 -10285 -10342 -10344 -10435 -10692 -10899 -10899 -10952 -10670 -10648 -10639 -10669 -10778
-11167 -11127 -11197 -11298 -11158 -11290 -11392 -10457 -8934 -10572 -10471 -8980 -8378 -8450 -8534 -10496 -9871 -13138 -12730 -11510 -11534 -10067 -11548 -8856 -8556 -7720 -9760 -9875 -10231 -9936 -9280 -8889 -8412 -11748 -12151 -12764 -10218 -10343 -10552 -10841 -10725 -10816 -10932 -11321 -11213 -11014 -11018 -10819 -10712 -10767 -10874
-12795 -11103 -11100 -11159 -11094 -11307 -11459 -9894 -8918 -10283 -10285 -8905 -11313 -8425 -8567 -10782 -10589 -10830 -13646 -12112 -12329 -10370 -11553 -8709 -8565 -7982 -10309 -10120 -10223 -10021 -9272 -8753 -8362 -11956 -9429 -10577 -10830 -10923 -10798 -11025 -11241 -11478 -11532 -11583 -11513 -11085 -11178 -11109 -10992 -11002 -11071
-11127 -11080 -11060 -11099 -11050 -11309 -11564 -10217 -8291 -10706 -10275 -12091 -11659 -11670 -9190 -11164 -11299 -11671 -11905 -12979 -13152 -10787 -11706 -8621 -8465 -8137 -10578 -10251 -10224 -9797 -9190 -8692 -12011 -12522 -9993 -11239 -11312 -11208 -11401 -11103 -11413 -11956 -11938 -11876 -11542 -11085 -11258 -11280 -11400 -11345 -11273
-11085 -11050 -11008 -11006 -10999 -11307 -11624 -11445 -8581 -9514 -11084 -12547 -11951 -12217 -12179 -11611 -11646 -11939 -13900 -14094 -13495 -11498 -12044 -8674 -8322 -7971 -10488 -10276 -10112 -9414 -9111 -8847 -9033 -9214 -10315 -11297 -11631 -11846 -12100 -11710 -11065 -11702 -9277 -12013 -11428 -11569 -11592 -11480 -11574 -11540 -11532
-11048 -13019 -10978 -10989 -10998 -11345 -11679 -10415 -10163 -10876 -11073 -11056 -13107 -12772 -12812 -12093 -12165 -12022 -14252 -11472 -11376 -12439 -12468 -11781 -11279 -7898 -10440 -10280 -9715 -9506 -9625 -9043 -9709 -9888 -10681 -11692 -12093 -12223 -12229 -12126 -11472 -11652 -12035 -12218 -11921 -11751 -11475 -11635 -11794 -11791 -8763
-13040 -12987 -13001 -11041 -11029 -11299 -11632 -11857 -10706 -11186 -10169 -12300 -11082 -10512 -10733 -13914 -14853 -11953 -14684 -13897 -13524 -13312 -9824 -12066 -11306 -10882 -10418 -10261 -9816 -9630 -9414 -9517 -9965 -10914 -11412 -11842 -12112 -12284 -12321 -12247 -12275 -12254 -12152 -12053 -12147 -12016 -11882 -11888 -12002 -8990 -9000
-12961 -12942 -13016 -13066 -11029 -13050 -13021 -12961 -11564 -9093 -10731 -11387 -10913 -10934 -11349 -13779 -13907 -11751 -13503 -12732 -11714 -11402 -10800 -9692 -11395 -7932 -10173 -9837 -9718 -9566 -9640 -10238 -10998 -11797 -12234 -12425 -12273 -12351 -12464 -12499 -12763 -9733 -9739 -12744 -12714 -12544 -12369 -12290 -9247 -9311 -9314
-12871 -12909 -13001 -13063 -13035 -12844 -12676 -12765 -11484 -7840 -9371 -11621 -11085 -10952 -12329 -12334 -12354 -12739 -11732 -10920 -12289 -11856 -11160 -10596 -8658 -8146 -10053 -9768 -9536 -9545 -9834 -10589 -11280 -12238 -12747 -12877 -12642 -12684 -12663 -9960 -10290 -10354 -10323 -10184 -9932 -9812 -9619 -9492 -9433 -9503 -9475
-12842 -12907 -12991 -13064 -13045 -12869 -12671 -12768 -11844 -8557 -9297 -10904 -12641 -11599 -11312 -12943 -12721 -11057 -11611 -10834 -11650 -12027 -11433 -10789 -8795 -8354 -10321 -9966 -9597 -9572 -10158 -11057 -11635 -12806 -10078 -10258 -13077 -13062 -10085 -10437 -10577 -10575 -10499 -10401 -10202 -9909 -9797 -9633 -9561 -9566 -9598
