---
OvercastDevelopment Potential [ft] Valid 0700 PST ~Z75~(1500Z)~Z~ FRI 19 May 2017 ~Z75~[15hrFcst@1429z]~Z~
Model= RASP Region= PANOCHE Grid= d2 Reskm= 4.0 Indexs= 1 51 1 69 Proj= lambert 4000 4000 40.0000 40.0000 -73.0000 36.6487 -121.0445
Day= 2017 5 19 FRI ValidLST= 700 PST ValidZ= 1500 Fcst= 15.0 Init= 12 Param= zblcldif Unit= ft Mult= 1 Min= -18066 Max= -9573
-11006 -11823 -12677 -14068 -13379 -15994 -15822 -15788 -15931 -13123 -13387 -12852 -13000 -13311 -13597 -13844 -14018 -14005 -13638 -13527 -13333 -13357 -13243 -13231 -13235 -13219 -13172 -13160 -13097 -12910 -12404 -15198 -14966 -14765 -14553 -14225 -13832 -17209 -16957 -16748 -16472 -16177 -15813 -15657 -15691 -15990 -16186 -16393 -16424 -16502 -16567
-9732 -10436 -12944 -14352 -13725 -13162 -15922 -15800 -15875 -16061 -13208 -12791 -12950 -13198 -13416 -13727 -13830 -13794 -13530 -13463 -13316 -13321 -13305 -13416 -13318 -13305 -13261 -13184 -13178 -12947 -12549 -12302 -15054 -14894 -14659 -14334 -13992 -17303 -17085 -16889 -16633 -16362 -16026 -15865 -15854 -16059 -16215 -16449 -16452 -16518 -16583
-9838 -10758 -11463 -12392 -14188 -13623 -16115 -15853 -15816 -15941 -13032 -15728 -12828 -13088 -13227 -13457 -13552 -13508 -13421 -13245 -13172 -13241 -13337 -13419 -13351 -13330 -13285 -13223 -13201 -12968 -12653 -12400 -15180 -14976 -14705 -14402 -14115 -17435 -17183 -16997 -16766 -16525 -16249 -16091 -16042 -16154 -16251 -16423 -16520 -16585 -16672
-9948 -9721 -10548 -11236 -12498 -14263 -13363 -15916 -15774 -15787 -15873 -15451 -15681 -12902 -13002 -12933 -13128 -13117 -13130 -13057 -13046 -13249 -13195 -13255 -13290 -13324 -13245 -13166 -13013 -12950 -12714 -12468 -15212 -14951 -14716 -14480 -14207 -13883 -17252 -17063 -16865 -16667 -16479 -16338 -16257 -16245 -16412 -16482 -16600 -16706 -16778
-9986 -9854 -10895 -11808 -11194 -12462 -13450 -15691 -15530 -15540 -15152 -15370 -15515 -12697 -12734 -15634 -15715 -15761 -12923 -13177 -12983 -13084 -13154 -13230 -13258 -13223 -13160 -13091 -12996 -13032 -12787 -12490 -12211 -14903 -14644 -14505 -14352 -13920 -17332 -17186 -17005 -16801 -16589 -16462 -16367 -16236 -16603 -16590 -16703 -16816 -16856
-9933 -9804 -10832 -11716 -12957 -12698 -12147 -16090 -15360 -14955 -15211 -15314 -15557 -15586 -15491 -15413 -15299 -15275 -15670 -12953 -13235 -13015 -13080 -13146 -13203 -13225 -13197 -12930 -13028 -13049 -12889 -12486 -12120 -14741 -14549 -14430 -14409 -14007 -17410 -17272 -17095 -16893 -16769 -16567 -16449 -16353 -16768 -16692 -16816 -16922 -16957
-9792 -9643 -10633 -11539 -12929 -12379 -14254 -15922 -15608 -15055 -15112 -15281 -15587 -15578 -15435 -15368 -15233 -15002 -15157 -15746 -12894 -12942 -12910 -13037 -13148 -13204 -13120 -12824 -12891 -12920 -12875 -12579 -12072 -14636 -14451 -14519 -14508 -14101 -17455 -17311 -17169 -17010 -16905 -16735 -16593 -16357 -16943 -16880 -16945 -17021 -17080
-10954 -10675 -11761 -12974 -12492 -12012 -14133 -15717 -13529 -14899 -15027 -15249 -15591 -15564 -15468 -15399 -15192 -14904 -14930 -15370 -15822 -12858 -12753 -12900 -13027 -13050 -12864 -12787 -12712 -12901 -12906 -12465 -11974 -14540 -14512 -14627 -14736 -14484 -17405 -17310 -17261 -17136 -16999 -16750 -16607 -16742 -17202 -17039 -17060 -17108 -17157
-10652 -11843 -11173 -12480 -14445 -14158 -13431 -15396 -14875 -14646 -14891 -15230 -15530 -15476 -15427 -15332 -15144 -14957 -15047 -15085 -15529 -12759 -12593 -12693 -12850 -12835 -12512 -12413 -12722 -12902 -12899 -12389 -14702 -14483 -14598 -14566 -14768 -14670 -17668 -17581 -17313 -17276 -17143 -17249 -17042 -17171 -17257 -17144 -17146 -17152 -17213
-10361 -11460 -12741 -14426 -13994 -13481 -15771 -14977 -14925 -14562 -14809 -15225 -15286 -15093 -15295 -15344 -15100 -15197 -15102 -15149 -15431 -12628 -15417 -12447 -12667 -12639 -12333 -12122 -12694 -12966 -12567 -14842 -14471 -14541 -14703 -14525 -14910 -14833 -14393 -14137 -17643 -17356 -17297 -17309 -17420 -17522 -17312 -17252 -17207 -17256 -17227
-11687 -13001 -12239 -13987 -13307 -15679 -15011 -18066 -16087 -14955 -15057 -15151 -15049 -14626 -15149 -15274 -15377 -15390 -15255 -15210 -15319 -15547 -15265 -15303 -12535 -12481 -12228 -11892 -12276 -12582 -11895 -14485 -14441 -14594 -14625 -14715 -15155 -14881 -14635 -14370 -14324 -14082 -17425 -17388 -14320 -17599 -17368 -17346 -17316 -17305 -17259
-11367 -12614 -14311 -13471 -15667 -15001 -14684 -14585 -15336 -14976 -15115 -15180 -14836 -14803 -15168 -15299 -15295 -15147 -15441 -15226 -15167 -15453 -15252 -15264 -12416 -12253 -12033 -11652 -12029 -14956 -14572 -14459 -14548 -14726 -14772 -15037 -15251 -15011 -14831 -14587 -14565 -14245 -17507 -17455 -17529 -13971 -17508 -17435 -17389 -17357 -17323
-13010 -12139 -13894 -16030 -15118 -14911 -15055 -15432 -14892 -14761 -15075 -14938 -14698 -15047 -15307 -15460 -15392 -15614 -15529 -15304 -15218 -15230 -15366 -15183 -12462 -15047 -11951 -12026 -14848 -14520 -14572 -14726 -14845 -14825 -14955 -15257 -15241 -15097 -15092 -14932 -14759 -14541 -14193 -17570 -14059 -14189 -14091 -17525 -17439 -17402 -17402
-12797 -14376 -13581 -15758 -14968 -15180 -15420 -15145 -14749 -14928 -14914 -14747 -14480 -15093 -15345 -15483 -15574 -15545 -15318 -15305 -15246 -15179 -12513 -15351 -15246 -14766 -12050 -12147 -14634 -14595 -14645 -14877 -15059 -14843 -14841 -15370 -15187 -15099 -14819 -15162 -14953 -14821 -14487 -14062 -14334 -14300 -14165 -14012 -17565 -17542 -17556
-12644 -14200 -13359 -15618 -15004 -15260 -15301 -14617 -14820 -14854 -14838 -14733 -14543 -15114 -15319 -15482 -15501 -15502 -15314 -15268 -15250 -15266 -15405 -15374 -14723 -14783 -12318 -15018 -14675 -14768 -14560 -14494 -14950 -14638 -14438 -15594 -15553 -15064 -15037 -14997 -14999 -14829 -14807 -14582 -14578 -14399 -14278 -14218 -14186 -14188 -14278
-12577 -14113 -13277 -15605 -15018 -15320 -15307 -14642 -14808 -14862 -14846 -14737 -14889 -15135 -15359 -15296 -15218 -15176 -15311 -15184 -15049 -15252 -15177 -14984 -14591 -12228 -12343 -14958 -14789 -14762 -14258 -14321 -14358 -14551 -15014 -15288 -15441 -15152 -15127 -15045 -15138 -15135 -14935 -14983 -14738 -14615 -14451 -14505 -14533 -14601 -14689
-12542 -14053 -13235 -15639 -15160 -15418 -15394 -14681 -15052 -15108 -14999 -14724 -14772 -14952 -15413 -15168 -15163 -15039 -15128 -15051 -15014 -15075 -15334 -15140 -15000 -12345 -12278 -15029 -14904 -14611 -14273 -14508 -14518 -14898 -15200 -15258 -15262 -15236 -15257 -15234 -15296 -15327 -15039 -15107 -15038 -14863 -14765 -14853 -14905 -14978 -15078
-12554 -14043 -13254 -15688 -15203 -15463 -15520 -14838 -14989 -14915 -14755 -14448 -14687 -14900 -15283 -15189 -15432 -15114 -15023 -15002 -15020 -14951 -15347 -15108 -13858 -12397 -12314 -12102 -12024 -14559 -14180 -14148 -14444 -14812 -15286 -15280 -15293 -15337 -15390 -15335 -15375 -15336 -15170 -15399 -15302 -15147 -15107 -15195 -15237 -15309 -15408
-12600 -14045 -13274 -15736 -15336 -15679 -15725 -15364 -14996 -14675 -14228 -14369 -14717 -15132 -15200 -15235 -15296 -15136 -15006 -14988 -14974 -14886 -14720 -14528 -14090 -12474 -12464 -12302 -11960 -14552 -14424 -14624 -12021 -15042 -15397 -15329 -15306 -15279 -15351 -15368 -15404 -15343 -15298 -15651 -15504 -15404 -15411 -15520 -15559 -15622 -12646
-12648 -14066 -13311 -15766 -15375 -15994 -13112 -15060 -15016 -14569 -14163 -14280 -14683 -15087 -15144 -15500 -15286 -15183 -15019 -14992 -14946 -14880 -14684 -14641 -14362 -12365 -12337 -12312 -14935 -14657 -14824 -12285 -12458 -12101 -15376 -15373 -15294 -15303 -15346 -15372 -15436 -15437 -15564 -12647 -12603 -15633 -12616 -12688 -12694 -12766 -12884
-12691 -14088 -13342 -15754 -15201 -15898 -15562 -15044 -14723 -14525 -14373 -14321 -14846 -15174 -15258 -15447 -15058 -15122 -14880 -15018 -14862 -14875 -14714 -14499 -14348 -12063 -12807 -12369 -11982 -12059 -12453 -12563 -12142 -15483 -15395 -15371 -15322 -15371 -15341 -15365 -15449 -15490 -12642 -12887 -12855 -12794 -12733 -12825 -12762 -12827 -12996
-12709 -14105 -13364 -15751 -15143 -15727 -15835 -14995 -14517 -14481 -14267 -14264 -14916 -15185 -15300 -15242 -15269 -15109 -15013 -14915 -14836 -14881 -14639 -14436 -14365 -11785 -12707 -12406 -12356 -12505 -12631 -12425 -15074 -15315 -15306 -15383 -15401 -15521 -15467 -15332 -15473 -15686 -12904 -12873 -12889 -12951 -12915 -12859 -12666 -12729 -12928
-12738 -14137 -13411 -15784 -15145 -15726 -15855 -15004 -14733 -14590 -14416 -14445 -14509 -14982 -14946 -14967 -15042 -15125 -15095 -14973 -14921 -15003 -14760 -14608 -14674 -12111 -12449 -12477 -12554 -12499 -12716 -12180 -14767 -15019 -14973 -15129 -15351 -15543 -15342 -15359 -15607 -12719 -12975 -12947 -13025 -13091 -13051 -12907 -12714 -12726 -12985
-12773 -14173 -13474 -15916 -15619 -13030 -13011 -15087 -14860 -14766 -14894 -14571 -14424 -14821 -14919 -14837 -14972 -14996 -14884 -15011 -14954 -15036 -14837 -14712 -14886 -12436 -12554 -12467 -12348 -12349 -12507 -14851 -14709 -15275 -15339 -15238 -15333 -15390 -15356 -15388 -15642 -12676 -13001 -12984 -13051 -13063 -13157 -13002 -12838 -12837 -13029
-12806 -14208 -13537 -15967 -15607 -13274 -13413 -15200 -14884 -14727 -14567 -14445 -14571 -14626 -14804 -14819 -14895 -14746 -14855 -14948 -15147 -14977 -14842 -14841 -12040 -12366 -12460 -12472 -12342 -12167 -11986 -14903 -15045 -15528 -15214 -15350 -15398 -15423 -15391 -15392 -15527 -12808 -12851 -12886 -13089 -13130 -13233 -13168 -13047 -13014 -13146
-12815 -14228 -13574 -15969 -15256 -15822 -13446 -15477 -12277 -15025 -14542 -14667 -14809 -14309 -14581 -14826 -14955 -14700 -14783 -14908 -14811 -14888 -14922 -14990 -12300 -12038 -12602 -12526 -11997 -14740 -14690 -14839 -15012 -15520 -15242 -15342 -15377 -15558 -15413 -15381 -15503 -12761 -12746 -12888 -12991 -13187 -13266 -13245 -13161 -13129 -13151
-12824 -14233 -13601 -15998 -15259 -15764 -15312 -14317 -12351 -12363 -12264 -12265 -12105 -14460 -14304 -14719 -15022 -14714 -14715 -14991 -14931 -14988 -15043 -15131 -15172 -12526 -12878 -12772 -14803 -14558 -14777 -14773 -15182 -15272 -15387 -15336 -15347 -15379 -15505 -15420 -15609 -12794 -12864 -12943 -13008 -13178 -13251 -13256 -13197 -13138 -13082
-12825 -14241 -13619 -16047 -15413 -13002 -15289 -15063 -12084 -12257 -12219 -12118 -14907 -14498 -14131 -14391 -14827 -14592 -14636 -14927 -14834 -14885 -15233 -15238 -15062 -12340 -12706 -12489 -14793 -14773 -14719 -14412 -14904 -15235 -15396 -15560 -15685 -15597 -15550 -15483 -12767 -12856 -12852 -12860 -12945 -13152 -13216 -13172 -13154 -13057 -12938
-12798 -14237 -13643 -13064 -15832 -13822 -13923 -12967 -12561 -15321 -14796 -14512 -14339 -14207 -14551 -14772 -14473 -14422 -14769 -15035 -14754 -14607 -14826 -14948 -14986 -12250 -12303 -14897 -14776 -14558 -14214 -14047 -14669 -14936 -15338 -15522 -15730 -15612 -15621 -15601 -12990 -12945 -12982 -12932 -12941 -13010 -13079 -13060 -13047 -12938 -12754
-12750 -14237 -13660 -13100 -15809 -13692 -13613 -12648 -15227 -15376 -15193 -14548 -14230 -14243 -14704 -15175 -14443 -14323 -14822 -14821 -14580 -14674 -14632 -14791 -14999 -12161 -12027 -14893 -14946 -14510 -14213 -14191 -15027 -14847 -14959 -15497 -12767 -12749 -15695 -12690 -13160 -13136 -13071 -12886 -12854 -12868 -12930 -12911 -12889 -12756 -15597
-12674 -14227 -13679 -13145 -15636 -13371 -13175 -15259 -14987 -14635 -14502 -14315 -14031 -14320 -15235 -14890 -14040 -14170 -14431 -14738 -15192 -14955 -14772 -14806 -15078 -12101 -11993 -14956 -14627 -14354 -14352 -14670 -15450 -15418 -15524 -15605 -12913 -12893 -15650 -12700 -13279 -13270 -13124 -12858 -12780 -12762 -12784 -12731 -12665 -15579 -15400
-12605 -14232 -13727 -13336 -13039 -13686 -14229 -15398 -15030 -14765 -14694 -14343 -14385 -14779 -15432 -14652 -17627 -14343 -14716 -15094 -15012 -15248 -14894 -14865 -15170 -14990 -15046 -14800 -14570 -14494 -14645 -15044 -15504 -15287 -12670 -13004 -13043 -12887 -12720 -12827 -13354 -13251 -13068 -12849 -12714 -12675 -12631 -15596 -15533 -15406 -15223
-12572 -14275 -13798 -13540 -13587 -12238 -15663 -12483 -14514 -14372 -14401 -14248 -15029 -15233 -15427 -14485 -17564 -14402 -14927 -15412 -15436 -15266 -14910 -15043 -15151 -14875 -15065 -14899 -14776 -14651 -14627 -15025 -15418 -15461 -12840 -13231 -13210 -13046 -13030 -13158 -13372 -13246 -13105 -12844 -12761 -12595 -15571 -15469 -15378 -15250 -15043
-12518 -14324 -13897 -13750 -12858 -12863 -14258 -14509 -14366 -14301 -14055 -14368 -15468 -15051 -15299 -14233 -14166 -14421 -14952 -15304 -15297 -14929 -14897 -14964 -14822 -14777 -15283 -14933 -15048 -14685 -14412 -14835 -15580 -12655 -13035 -13411 -13186 -13242 -13165 -13271 -13365 -13233 -13112 -12815 -12688 -15613 -15502 -15368 -15254 -15106 -14909
-12487 -14358 -13954 -13782 -14140 -13246 -14125 -14066 -14127 -13878 -13795 -14158 -14853 -15340 -15118 -17566 -14108 -14330 -14909 -15237 -15360 -14912 -14895 -14822 -14718 -15020 -12555 -15076 -15404 -14667 -14502 -14679 -15086 -15409 -12938 -13558 -13487 -13361 -13228 -13319 -13370 -13191 -13033 -12847 -15677 -15569 -15435 -15285 -15126 -14968 -14791
-12596 -14447 -13994 -13614 -15618 -12849 -14521 -14144 -13932 -14148 -13904 -11986 -15000 -15212 -14788 -17239 -17549 -14196 -14938 -15306 -15703 -14923 -14969 -14697 -14996 -12614 -15052 -14844 -12486 -15275 -15072 -15354 -15534 -15492 -12903 -13543 -13637 -13559 -13364 -13317 -13253 -13156 -12980 -12856 -15703 -15536 -15451 -15230 -15034 -14867 -14693
-12782 -12127 -14062 -13484 -15976 -14993 -14392 -13943 -13858 -17286 -14116 -15023 -14611 -15473 -14563 -17680 -17538 -14181 -15015 -15350 -13835 -14708 -15064 -14880 -12745 -15524 -14963 -14901 -15337 -12509 -15369 -12603 -12956 -13023 -13290 -13681 -13817 -13614 -13415 -13308 -13205 -13138 -13002 -12761 -15659 -15509 -15459 -15208 -14984 -14805 -14622
-12993 -12406 -14201 -13402 -15635 -14676 -14439 -14022 -14159 -17323 -14107 -14664 -14922 -12796 -14758 -14891 -14520 -14268 -15007 -15105 -13866 -14254 -14901 -15264 -15389 -15237 -12637 -15130 -15338 -15434 -15098 -15329 -13099 -13280 -13366 -13745 -13897 -13629 -13428 -13309 -13195 -13121 -12994 -12758 -15621 -15546 -15448 -15170 -14917 -14727 -14525
-11497 -12694 -14386 -13515 -15345 -14582 -14554 -14395 -13516 -14318 -12939 -13243 -13672 -12985 -15216 -15548 -15419 -14493 -15089 -15303 -15199 -14224 -14686 -14936 -14856 -15583 -15217 -15134 -15025 -14949 -14717 -15122 -13107 -13347 -13378 -13784 -13823 -13655 -13442 -13316 -13173 -13072 -12948 -12741 -15598 -15572 -15440 -15114 -14806 -14607 -14427
-10495 -12987 -12173 -13757 -15427 -15250 -13461 -15595 -14700 -14556 -15561 -13692 -13965 -13008 -13026 -13028 -15570 -14774 -15440 -15652 -14334 -14345 -14499 -14579 -14739 -12759 -15217 -12657 -15237 -14417 -14349 -14937 -12542 -13320 -13377 -13816 -13746 -13653 -13454 -13311 -13140 -13007 -12905 -12723 -15562 -15485 -15363 -14981 -14725 -14518 -14325
-9659 -11539 -12597 -14274 -13584 -15770 -15319 -15155 -15238 -15401 -15713 -15327 -12746 -13454 -13796 -13621 -15716 -13044 -15397 -12899 -14472 -14581 -14927 -14508 -14820 -14674 -15075 -15286 -14895 -14671 -14665 -14936 -15148 -12680 -13353 -13767 -13687 -13696 -13475 -13298 -13104 -12941 -12763 -15684 -15588 -15489 -15146 -14865 -14555 -14417 -14196
-9862 -10515 -13035 -12589 -12739 -13994 -13209 -12993 -13235 -13128 -13141 -13566 -13728 -14116 -14109 -13741 -12957 -15700 -15309 -15485 -15116 -15208 -15731 -14911 -14928 -14851 -15374 -15278 -14893 -14760 -15369 -15711 -15471 -15548 -13139 -13861 -14009 -13816 -13521 -13290 -13043 -12878 -12737 -15603 -15497 -15370 -14994 -14766 -14490 -14331 -14106
-10006 -9691 -11885 -11353 -10375 -11312 -12270 -11986 -11947 -13839 -13996 -14052 -11708 -12094 -11795 -13932 -12810 -15607 -15171 -15254 -15699 -12897 -12868 -15502 -15080 -14996 -15429 -15418 -14963 -14859 -15549 -12783 -12873 -12964 -13316 -13796 -14077 -13917 -13573 -13309 -13160 -12843 -12726 -15638 -15532 -15206 -14907 -14685 -14450 -14264 -14082
-10083 -9882 -10964 -10427 -10531 -11811 -11266 -12592 -12304 -12448 -12394 -12096 -12193 -12123 -11647 -13660 -13114 -15373 -15313 -12977 -13243 -13671 -13424 -12799 -15390 -15030 -12540 -12641 -15239 -15204 -15396 -15446 -12686 -13151 -13589 -13792 -14113 -13992 -13652 -13414 -13131 -12882 -15746 -15540 -15209 -14938 -14807 -14687 -14428 -14234 -13974
-10052 -9942 -9840 -9646 -10933 -10663 -11857 -11443 -11063 -11047 -12947 -12646 -12119 -12116 -14113 -13517 -13125 -15554 -12839 -13296 -13628 -13823 -13421 -12814 -15571 -15222 -12584 -12636 -15536 -12954 -15488 -15573 -12713 -13158 -13695 -13876 -13999 -13989 -13875 -13460 -13082 -12853 -12867 -15784 -15538 -14988 -14904 -14710 -14447 -14234 -13939
-9985 -9934 -9884 -9803 -9703 -10994 -10842 -10463 -11671 -11167 -12787 -12478 -11970 -11838 -14042 -13647 -13606 -13044 -13341 -13735 -13843 -13732 -12966 -15551 -15428 -12590 -12649 -12594 -12533 -12510 -12552 -12724 -12859 -13318 -13702 -13948 -14042 -11698 -13918 -13594 -13350 -13145 -12972 -12898 -15846 -15177 -14997 -14765 -14527 -14286 -13983
-9775 -9941 -9944 -9937 -9844 -9729 -9671 -10952 -10578 -11594 -12921 -12467 -14433 -11672 -13998 -13998 -14039 -13701 -13718 -13772 -13808 -13566 -16058 -13175 -12696 -15704 -12722 -13359 -12996 -12874 -12814 -12735 -12687 -13189 -13627 -13990 -14069 -11762 -13858 -13853 -13499 -13279 -13016 -12935 -12879 -15277 -15094 -14848 -14626 -14354 -14007
-9755 -9928 -9972 -9955 -9944 -9834 -9725 -10963 -10674 -11783 -12971 -12506 -14362 -14181 -14101 -14073 -13708 -13598 -14018 -13878 -13720 -13502 -13421 -12647 -12704 -12817 -13107 -13647 -13633 -13320 -13318 -12841 -12629 -12915 -13619 -14045 -11926 -11944 -11815 -13962 -13646 -13309 -13118 -12937 -13001 -12827 -15384 -15053 -14759 -14484 -14066
-9773 -9846 -9953 -9980 -10025 -9932 -9768 -10901 -10566 -11808 -11248 -12695 -12153 -14343 -14100 -14091 -13477 -13623 -13759 -14142 -13743 -13296 -13403 -12723 -15624 -15452 -13065 -13625 -13764 -13499 -13361 -12904 -12640 -12843 -13561 -14130 -12134 -12760 -12139 -14025 -13693 -13381 -13199 -13112 -15761 -15587 -15660 -15432 -14844 -14519 -14199
-9762 -9786 -9884 -9967 -10014 -10003 -9794 -10857 -10455 -11742 -11487 -12876 -12395 -11958 -12121 -13892 -13310 -13698 -14002 -13861 -13643 -13174 -13055 -12643 -15448 -15612 -13174 -13379 -13332 -13434 -13315 -13184 -12865 -12839 -13528 -14103 -12287 -12389 -12451 -14169 -13808 -13520 -13206 -15755 -15668 -15532 -15293 -15436 -14767 -14657 -14306
-9731 -9755 -9839 -9819 -9826 -10043 -9842 -10840 -10440 -10352 -11592 -12952 -12434 -11916 -11918 -13682 -13272 -13604 -13760 -13546 -13568 -13067 -12931 -15445 -15570 -12853 -13299 -13268 -12996 -13245 -13359 -13277 -13036 -12783 -13522 -14025 -12374 -11379 -12656 -11883 -13913 -13584 -13037 -12751 -15995 -15777 -15495 -15218 -14930 -14737 -14417
-9664 -9715 -9850 -9897 -9838 -10106 -9918 -10670 -11810 -11774 -11566 -11145 -12791 -12083 -13959 -13436 -12937 -12867 -13197 -13403 -13543 -13022 -12796 -12696 -12828 -13205 -13169 -12650 -13215 -13178 -13274 -13248 -13225 -12877 -13441 -13880 -12006 -12556 -12745 -12257 -14054 -13720 -13113 -12845 -15767 -15689 -15630 -15301 -15717 -14828 -14514
-9596 -9661 -9821 -9964 -9986 -10151 -9962 -10436 -11470 -13000 -12599 -12170 -11947 -11675 -13762 -12876 -15500 -15615 -12886 -13268 -13518 -12894 -15557 -15536 -15206 -13074 -12956 -15037 -15460 -12726 -12975 -13179 -13395 -13167 -13284 -13673 -11767 -12446 -12807 -14159 -14125 -13472 -13117 -12939 -15769 -15680 -15674 -15340 -15026 -14875 -14616
-10905 -9595 -9783 -9934 -9991 -10136 -9941 -10368 -12999 -12756 -12346 -11994 -11730 -13931 -13098 -15310 -14502 -15116 -15653 -13013 -13474 -12773 -15343 -15288 -14784 -12899 -15600 -14830 -15029 -12376 -12539 -12994 -13435 -13443 -13241 -13539 -11694 -12263 -11991 -14096 -13788 -13437 -13146 -12947 -12837 -15711 -15691 -15344 -15063 -14931 -14693
-10729 -10889 -9708 -9885 -9945 -10073 -9870 -10311 -12794 -12057 -14055 -14010 -13766 -13556 -15747 -15597 -17232 -15305 -15459 -12812 -13291 -15670 -15245 -15387 -14686 -12965 -15575 -13067 -15377 -15318 -12569 -13044 -13441 -13568 -13282 -13463 -14081 -12140 -12275 -13978 -13686 -13413 -13177 -12969 -12809 -15725 -15697 -15332 -15052 -14976 -14837
-10578 -10757 -9638 -9834 -9886 -9975 -9787 -10282 -12810 -11662 -13545 -13217 -13084 -13193 -15467 -14798 -17484 -15421 -15385 -15793 -13084 -15753 -15199 -12684 -12880 -12879 -12725 -12908 -12857 -12636 -12715 -13146 -13386 -13629 -13246 -13361 -13916 -11933 -11737 -14007 -13798 -13427 -13182 -12968 -12745 -15688 -15667 -15337 -15055 -14818 -14936
-10474 -10640 -9598 -9787 -9864 -9872 -9706 -11835 -12154 -13912 -13495 -12966 -15713 -15710 -15215 -15266 -14848 -12908 -15565 -15377 -12839 -15711 -15169 -15367 -15097 -12815 -13006 -13178 -13412 -13508 -13385 -13102 -13153 -13566 -13314 -13357 -13857 -11706 -14025 -13674 -13527 -13519 -13287 -13054 -12791 -15788 -15526 -15322 -15094 -14886 -15031
-10387 -10535 -9573 -9736 -9849 -9802 -9662 -11820 -11922 -13657 -13033 -12933 -15517 -15518 -15566 -15519 -15525 -15701 -15273 -15467 -15601 -15520 -15226 -15366 -15553 -13195 -13519 -13658 -13204 -13265 -13172 -13216 -13029 -13406 -13233 -13275 -13820 -14099 -13890 -13599 -13170 -13434 -13352 -13133 -12884 -15687 -15476 -15318 -15151 -15117 -15138
-10281 -10427 -10883 -9651 -9820 -9767 -9729 -11640 -11768 -13771 -12817 -15683 -15402 -15421 -12831 -13277 -15729 -15508 -15730 -15815 -15676 -15546 -15414 -13454 -13181 -13703 -11809 -13332 -12924 -13095 -13113 -13081 -12975 -13166 -13285 -13240 -13780 -13987 -13803 -13640 -13288 -13347 -13228 -13005 -12880 -15567 -15375 -15328 -15221 -15087 -15250
-11813 -10304 -10749 -9591 -9655 -9765 -9844 -11356 -11731 -13717 -15704 -13318 -15631 -12711 -15515 -13039 -15562 -15885 -14173 -13836 -15780 -15618 -12559 -12578 -11715 -13640 -13951 -13000 -13072 -13035 -12712 -12638 -12719 -12984 -13171 -13263 -13695 -13834 -13775 -13637 -13437 -13311 -13168 -13054 -12862 -15597 -15360 -15366 -15311 -15213 -15371
-11757 -11816 -10555 -10781 -10883 -9760 -9898 -11246 -11926 -13381 -13363 -13587 -13861 -13397 -15756 -12998 -15803 -13713 -12392 -13887 -15884 -15674 -15529 -13845 -13566 -13278 -13849 -13230 -13050 -12957 -12594 -12413 -12701 -12945 -13163 -13258 -13629 -13730 -13742 -13601 -13481 -13300 -13133 -13112 -12867 -15570 -15445 -15436 -15324 -15378 -15514
-11823 -11768 -10357 -10427 -10541 -9660 -9780 -11412 -11810 -13329 -13758 -13862 -14033 -13258 -13178 -13422 -13089 -11922 -12511 -13880 -16043 -15699 -15572 -13923 -11925 -13105 -13409 -13194 -13050 -12940 -12592 -15380 -12728 -12928 -13280 -13411 -13590 -13652 -13622 -13570 -13495 -13336 -13274 -13184 -12921 -15602 -15499 -15539 -15451 -15523 -12738
-11825 -11740 -11827 -11788 -11819 -10750 -10848 -11200 -11697 -13525 -14026 -13995 -14070 -13590 -13595 -13816 -13596 -12139 -12599 -14039 -12949 -12756 -13699 -13850 -11691 -12831 -12808 -12849 -12888 -12681 -12482 -15177 -15459 -13035 -13352 -13590 -13673 -13627 -13556 -13534 -13502 -13507 -13387 -13240 -13003 -15427 -15652 -15684 -15721 -15674 -12762
-11764 -11714 -11728 -11606 -11733 -10432 -11884 -12798 -12479 -12180 -11882 -11851 -14012 -13937 -11893 -14104 -13973 -12042 -11998 -14085 -12801 -13463 -12296 -12125 -11760 -12665 -12602 -12683 -12747 -12503 -12446 -12359 -12438 -12925 -13344 -13633 -13643 -13575 -13637 -13581 -13358 -13272 -13577 -13468 -15743 -12758 -12865 -12792 -12819 -12755 -12885
-11694 -11695 -11671 -11569 -11802 -11802 -11496 -12549 -12665 -12408 -12417 -12191 -12050 -12008 -12196 -12590 -12420 -11923 -11912 -13783 -12906 -13749 -12415 -12306 -12852 -12724 -12661 -12696 -12530 -12561 -12722 -12582 -12711 -12764 -13342 -13855 -13968 -13788 -13674 -13542 -13232 -13162 -13245 -13173 -13057 -13115 -13117 -12983 -13000 -12933 -13051
-11776 -11706 -11674 -11610 -11753 -11656 -11389 -11113 -11135 -12535 -12385 -12246 -12067 -12107 -11973 -12493 -12315 -14157 -14186 -13799 -11960 -13953 -13837 -13645 -13374 -13111 -13047 -12868 -12666 -12692 -12733 -12821 -12943 -13142 -13398 -13667 -13836 -13854 -13824 -13661 -13513 -13394 -13300 -13175 -13192 -13197 -13216 -13190 -13199 -13116 -13195
-11833 -11732 -11723 -11747 -11742 -11755 -11370 -11255 -11311 -11571 -10891 -12423 -11928 -14163 -12532 -14279 -14135 -11683 -11765 -11685 -13999 -14063 -14011 -13855 -13585 -13366 -13858 -13075 -12834 -12761 -12765 -12887 -13087 -13319 -13542 -13717 -13819 -13883 -13906 -13787 -13743 -13623 -13494 -13415 -13515 -13450 -13433 -13418 -13455 -13305 -13332
-11790 -11756 -11733 -11812 -11726 -11676 -11327 -11469 -11644 -10639 -11501 -10814 -10972 -11837 -12419 -14158 -12082 -12330 -12187 -12017 -11801 -11695 -14170 -14037 -13835 -13593 -13395 -13395 -13049 -12923 -12903 -13063 -13250 -13521 -13725 -13899 -13953 -14093 -14084 -14093 -13995 -13882 -13718 -13611 -13548 -13649 -13577 -13552 -13533 -14035 -13443
-11751 -11806 -11730 -11820 -11725 -11793 -11349 -11705 -10610 -10047 -10368 -11410 -12860 -12546 -12410 -12359 -12394 -12690 -12602 -12464 -12257 -12032 -11961 -11794 -14140 -13939 -13808 -13793 -13412 -13157 -13143 -13298 -13496 -13787 -13999 -11810 -11902 -12086 -12131 -12075 -11899 -11624 -13992 -13877 -13736 -13746 -13657 -13587 -13585 -13582 -13524
