---
OvercastDevelopment Potential [ft] Valid 1200 PST ~Z75~(2000Z)~Z~ FRI 19 May 2017 ~Z75~[20hrFcst@1453z]~Z~
Model= RASP Region= PANOCHE Grid= w2 Reskm= 1.3 Indexs= 1 69 1 63 Proj= lambert 1333 1333 40.0000 40.0000 -73.0000 36.8890 -121.0672
Day= 2017 5 19 FRI ValidLST= 1200 PST ValidZ= 2000 Fcst= 20.0 Init= 12 Param= zblcldif Unit= ft Mult= 1 Min= -15539 Max= -6530
-10614 -10910 -11574 -12031 -12299 -12393 -12393 -8817 -8892 -8699 -8495 -8320 -8062 -7911 -7803 -7703 -7649 -7635 -11190 -11221 -7725 -7756 -7816 -7871 -7962 -7953 -7907 -7886 -7799 -11103 -11136 -11099 -11002 -10872 -10707 -10467 -10264 -10191 -10294 -10438 -10793 -11016 -11452 -11794 -12347 -9415 -9826 -9894 -9831 -9679 -13205 -13129 -13177 -13061 -12704 -12772 -12780 -13023 -13166 -13358 -13290 -13304 -13116 -12749 -12598 -12556 -9109 -9541 -9746
-10835 -11365 -11859 -12205 -12441 -12520 -8943 -9046 -9133 -9018 -8761 -8490 -8227 -8005 -7821 -7668 -11137 -11086 -11066 -11109 -11169 -11232 -7762 -7826 -7875 -7875 -7826 -7863 -7792 -11042 -11086 -11014 -10943 -10828 -10643 -10465 -10302 -10286 -10301 -10494 -10731 -10998 -11439 -11776 -12207 -9139 -9370 -9895 -9894 -9906 -9854 -9830 -13158 -13089 -12842 -12731 -12801 -13125 -13260 -13332 -13326 -13309 -13153 -12806 -12681 -12690 -9251 -9254 -9591
-10816 -11129 -11841 -12343 -12599 -9120 -9208 -9280 -9280 -9151 -9001 -8750 -8354 -8056 -7793 -11148 -11002 -10929 -10923 -10997 -11114 -11259 -7817 -7894 -7867 -7864 -7833 -11350 -11154 -11001 -11020 -10910 -10877 -10766 -10564 -10466 -10377 -10291 -10396 -10542 -10734 -11007 -11395 -11716 -12061 -12470 -9288 -9696 -9972 -9867 -9813 -13247 -13104 -13162 -12934 -12659 -12709 -12953 -13171 -13163 -13298 -13294 -13194 -12783 -12781 -12783 -9185 -9431 -9721
-11069 -11455 -12211 -12392 -12834 -9455 -9513 -9545 -9458 -9282 -9121 -8851 -8452 -8082 -7789 -11072 -10862 -10702 -10694 -10889 -11135 -11350 -7924 -7987 -7969 -7914 -11288 -11199 -10907 -10783 -10785 -10751 -10898 -10785 -10582 -10573 -10475 -10457 -10479 -10501 -10678 -10990 -11328 -11620 -11858 -12184 -12566 -9389 -9762 -9622 -13219 -12960 -12929 -12888 -13146 -13079 -12834 -13065 -12960 -13127 -13190 -13246 -13319 -13090 -12996 -12957 -9361 -9367 -9462
-11222 -11937 -12421 -12665 -9677 -9798 -9720 -9629 -9488 -9257 -9138 -8799 -8523 -8116 -7858 -11097 -10760 -10335 -10325 -10769 -11154 -11486 -8044 -8046 -8122 -7853 -11022 -10872 -10493 -10445 -10489 -10616 -7474 -10983 -10663 -10783 -10598 -10538 -10371 -10327 -10437 -10756 -11235 -11569 -11769 -12163 -12669 -9638 -9915 -12853 -12706 -13181 -13166 -12989 -13214 -13128 -12586 -12920 -12992 -13206 -13214 -9704 -10030 -12993 -9662 -9367 -9269 -9241 -9439
-11490 -11921 -12418 -12751 -9669 -9771 -9772 -9785 -9661 -9490 -9344 -9027 -8573 -8102 -7884 -10804 -10106 -10002 -10489 -10927 -11293 -11600 -11557 -8046 -7950 -11119 -10936 -10887 -10640 -10561 -10721 -10810 -7508 -11037 -10703 -10848 -10741 -10712 -10682 -10722 -10777 -10723 -11096 -11632 -11807 -12111 -12592 -9682 -9780 -10035 -13191 -12678 -13162 -12960 -13149 -13158 -12987 -12784 -13062 -13273 -13237 -13071 -10066 -10023 -9593 -9483 -9445 -9467 -9773
-11543 -12077 -12483 -12785 -9654 -9828 -9720 -9726 -9639 -9548 -9331 -8960 -8386 -8049 -7511 -10140 -9835 -10061 -10546 -10949 -11282 -11508 -11533 -11439 -11311 -11077 -10907 -10869 -10793 -10782 -10894 -10884 -7414 -7540 -7302 -10857 -10760 -10722 -10783 -10800 -10870 -10900 -10992 -11434 -11837 -12066 -12312 -12812 -9867 -9783 -13033 -13085 -13006 -13070 -12760 -12899 -12669 -12925 -12944 -13131 -13034 -12948 -9481 -9731 -9737 -9626 -9936 -9978 -10033
-11809 -12190 -12575 -9253 -9626 -9772 -9666 -9648 -9490 -9444 -9412 -8880 -8330 -7998 -10451 -9828 -9771 -10165 -10700 -10964 -11119 -11293 -11566 -11523 -11346 -11178 -11010 -10997 -11033 -10979 -10920 -10731 -7175 -7496 -7426 -10823 -10807 -10836 -10926 -11022 -10988 -11054 -11105 -11082 -11560 -11938 -12108 -12520 -13078 -13270 -12644 -12307 -12568 -13030 -12470 -12660 -13064 -13058 -12507 -12455 -13319 -12947 -13236 -12958 -13020 -9860 -10096 -10258 -10389
-11966 -12326 -12679 -9349 -9661 -9655 -9662 -9663 -9648 -9575 -9179 -8778 -8371 -7612 -10245 -9749 -9914 -10482 -10765 -10735 -10812 -11188 -11543 -11693 -11657 -11532 -11288 -11068 -10994 -10926 -10867 -10618 -10573 -7492 -7491 -10802 -10772 -10802 -10901 -10851 -10975 -11202 -11317 -11127 -11243 -11755 -12129 -12190 -12366 -13061 -12906 -12220 -12524 -12838 -12915 -12621 -12670 -13080 -12451 -12807 -9808 -9596 -9874 -13214 -12955 -9857 -10212 -10426 -10468
-12156 -12570 -12821 -9509 -9797 -9804 -9861 -9949 -9906 -9585 -8872 -8521 -8088 -10681 -10126 -9692 -10087 -10508 -10589 -10511 -10740 -11235 -11535 -11626 -11642 -11540 -11372 -11055 -10967 -11028 -11015 -10594 -10471 -7594 -7715 -10814 -10713 -10616 -10710 -10814 -10950 -11290 -11430 -11247 -11282 -11743 -12351 -12251 -12231 -12571 -12288 -12763 -12338 -12714 -12930 -12702 -12390 -12976 -13161 -12852 -9510 -10253 -10248 -13371 -12799 -9927 -10281 -10377 -10571
-12418 -12801 -9395 -9676 -9981 -10005 -10114 -7147 -6944 -6531 -8757 -8216 -7509 -10414 -9863 -9503 -9826 -10207 -10168 -10305 -10728 -11306 -11745 -11643 -11503 -11333 -11238 -11087 -11131 -11213 -11108 -10651 -10597 -8130 -8252 -11248 -10895 -10542 -10503 -10682 -10964 -11330 -11496 -11688 -11879 -11911 -12209 -12721 -13462 -12942 -12568 -13050 -13048 -12796 -12626 -12707 -11859 -12872 -12832 -13000 -11870 -9760 -11755 -13393 -13015 -10016 -10205 -10439 -10764
-12598 -12972 -9582 -9803 -10143 -10223 -10244 -7163 -6858 -6530 -8817 -7926 -10827 -10453 -9867 -9425 -9957 -10431 -10255 -10364 -10768 -11480 -12066 -12065 -11680 -11340 -11090 -11155 -11303 -11429 -11310 -10932 -7735 -8927 -9258 -11887 -11343 -10707 -10724 -10997 -11496 -11582 -11795 -12062 -12409 -12685 -12185 -12521 -13233 -13352 -12256 -12570 -13293 -12614 -13297 -13052 -12491 -12574 -13224 -12743 -11875 -12487 -13036 -13223 -9657 -9877 -10369 -10621 -10807
-12736 -13106 -9734 -9946 -10245 -10327 -10270 -7191 -6924 -6644 -8801 -8010 -11235 -10817 -10051 -9623 -10474 -11063 -10858 -10710 -10841 -11604 -12195 -12240 -11946 -11457 -11190 -11164 -11288 -11506 -11505 -11449 -8276 -9223 -9313 -8295 -11370 -10975 -10891 -11204 -11797 -12091 -12166 -12646 -12753 -13050 -13036 -13594 -13410 -13394 -12848 -13034 -13499 -13446 -13381 -13273 -12012 -12111 -12636 -13210 -12877 -12352 -12816 -13309 -10074 -10126 -10407 -10654 -10826
-12969 -13377 -9878 -10102 -10374 -10377 -10338 -7256 -7152 -6593 -8797 -8419 -11473 -10993 -10196 -9855 -10718 -11288 -11274 -10871 -10822 -11500 -11975 -11909 -11621 -11384 -11266 -11346 -11451 -11635 -8311 -8506 -8582 -8677 -8680 -8085 -11263 -11006 -11067 -11330 -11871 -12135 -12275 -12561 -12740 -12854 -13125 -13202 -13306 -13264 -13007 -12988 -13546 -13586 -13280 -13482 -12947 -12564 -12198 -12965 -13219 -12653 -13103 -9593 -10407 -10231 -10406 -10680 -10859
-13066 -13472 -10084 -10241 -10497 -10435 -10411 -7342 -7158 -6769 -9243 -8545 -11555 -10858 -10122 -9959 -10770 -11267 -11273 -10835 -10732 -11184 -11576 -11409 -11286 -11187 -11317 -11652 -11885 -8446 -8356 -8407 -8578 -8435 -8261 -8046 -11495 -11345 -11207 -11454 -11555 -11728 -12123 -12341 -12410 -12828 -13009 -12998 -13324 -13254 -13695 -13076 -13544 -13325 -13692 -13562 -13019 -12820 -13008 -13151 -13452 -13151 -13114 -9733 -10537 -10309 -10312 -10699 -10858
-13195 -13580 -10230 -10344 -10610 -10546 -10532 -7468 -7225 -7091 -9410 -8837 -11592 -10924 -10203 -10362 -11177 -11565 -11305 -10735 -10467 -10876 -11160 -11153 -11251 -11347 -11414 -11705 -8502 -8530 -11827 -8378 -8751 -9075 -8425 -11436 -8222 -8096 -11237 -11200 -11359 -11494 -11823 -12047 -12114 -12531 -12808 -13080 -13184 -13230 -13639 -13289 -13702 -13510 -13503 -13632 -13383 -13134 -12631 -13116 -13366 -12889 -12684 -9552 -10405 -10311 -10340 -10576 -10862
-13390 -13744 -10329 -10465 -10687 -10689 -10674 -7612 -7512 -7252 -9592 -8968 -11864 -11150 -10607 -10991 -11735 -12115 -11356 -10515 -10300 -10809 -10844 -10992 -11494 -11696 -11661 -11676 -11823 -11832 -11835 -8549 -8898 -9162 -8615 -11357 -8106 -8073 -11131 -10888 -10834 -11059 -11548 -11995 -12235 -12592 -12967 -13176 -13227 -13246 -13496 -13325 -13461 -13244 -13148 -13526 -13193 -12959 -13496 -13403 -13316 -13174 -12989 -12913 -10063 -10320 -10623 -10758 -10864
-13514 -13840 -10465 -10577 -10820 -10782 -10781 -7711 -7683 -7370 -9924 -9313 -8459 -11490 -10682 -11282 -11806 -12005 -11083 -10379 -10413 -10929 -11170 -11329 -11654 -11929 -11810 -11657 -11653 -11721 -8446 -8743 -9087 -9114 -8407 -11506 -11399 -7639 -7627 -10978 -10572 -10637 -11002 -11856 -12400 -12628 -12940 -13108 -13236 -13334 -13411 -13077 -13151 -13431 -13452 -13454 -13475 -13197 -13631 -10131 -13454 -13365 -12963 -13215 -13701 -10409 -10659 -10789 -10868
-13650 -13944 -10539 -10625 -10934 -10832 -10821 -7824 -7770 -7577 -10151 -9751 -9096 -11633 -10987 -11441 -11719 -11626 -10989 -10487 -10766 -11426 -11943 -11936 -11828 -11906 -11845 -11666 -11640 -11797 -8570 -8780 -9306 -9236 -8627 -8161 -8206 -8341 -8294 -11560 -11283 -11599 -11295 -11610 -12309 -12713 -13051 -13118 -13120 -13225 -13118 -13099 -12860 -13395 -13483 -13247 -13725 -13621 -10115 -10241 -10413 -13876 -13685 -13777 -10263 -10541 -10726 -10851 -10789
-13791 -14050 -14174 -10667 -10936 -10903 -10934 -7925 -8053 -8012 -7818 -10044 -9228 -11772 -11313 -11558 -11764 -11587 -10984 -10709 -11191 -11906 -12441 -12283 -12072 -11864 -11873 -11821 -11872 -8468 -8682 -8947 -9546 -9620 -9055 -8581 -8373 -8782 -9056 -12063 -11880 -12050 -11757 -11631 -11788 -12607 -13266 -13574 -13302 -13295 -13050 -13322 -13038 -13537 -13599 -13324 -10152 -13592 -10058 -10496 -10594 -14010 -10420 -10589 -10911 -10758 -10846 -10943 -11019
-13887 -14107 -14251 -10696 -10961 -10964 -11015 -11009 -8190 -8089 -7892 -9967 -9273 -12035 -11466 -11709 -11879 -11620 -11024 -10846 -11466 -11983 -12147 -12169 -12135 -12034 -12004 -12023 -8793 -8915 -8883 -9329 -9808 -9447 -9236 -8815 -8574 -8938 -8890 -12148 -12092 -12350 -11924 -11815 -11710 -12030 -12952 -13505 -13663 -13392 -13285 -12838 -13235 -13416 -13657 -13451 -13639 -13840 -13366 -10403 -10811 -10651 -10369 -10623 -11050 -10912 -10978 -11002 -11116
-13992 -14172 -14273 -10639 -10948 -10951 -10966 -10937 -7908 -7851 -10568 -9987 -9623 -8605 -11558 -11798 -11980 -11631 -11003 -10795 -11093 -11491 -11620 -11805 -11987 -12025 -11913 -11920 -8846 -9186 -9091 -9290 -9310 -8780 -8941 -8975 -8861 -8768 -12059 -11718 -11861 -12243 -12319 -12099 -12099 -12038 -12359 -13063 -13498 -13656 -13029 -12956 -13081 -13226 -13569 -13608 -13426 -13669 -13651 -10568 -10909 -10832 -10552 -10805 -10788 -11002 -10992 -11184 -11215
-14070 -14205 -14272 -10620 -10937 -10861 -10855 -10786 -10530 -7550 -10234 -9896 -9508 -8926 -11745 -11897 -11978 -11561 -10996 -10917 -11005 -11272 -11516 -11582 -11791 -11929 -11952 -11946 -8522 -8900 -8970 -9075 -8853 -8371 -8813 -9330 -9255 -8620 -11936 -11846 -11998 -12443 -12768 -12271 -12142 -12348 -12420 -12637 -13312 -13593 -13434 -12880 -13291 -13097 -13121 -13434 -13242 -13649 -10293 -10731 -11062 -11044 -10518 -10611 -10907 -11124 -11240 -11290 -11298
-14003 -14221 -14276 -14222 -10896 -10836 -10788 -10687 -10386 -7410 -10070 -9616 -9627 -8983 -11943 -11973 -11976 -11573 -11255 -11375 -11501 -11601 -11723 -11682 -11769 -12051 -12247 -8782 -8580 -8501 -8488 -8580 -8450 -8414 -9142 -9718 -9292 -8807 -12149 -12113 -12015 -12279 -12676 -12377 -12064 -12524 -12895 -12886 -13213 -13596 -13355 -12887 -13480 -13310 -13061 -13138 -13301 -13539 -10172 -10503 -10811 -10913 -10723 -11011 -11195 -11273 -11334 -11353 -11339
-14227 -14242 -14229 -14231 -10888 -10921 -10814 -10716 -10367 -10374 -9975 -9248 -9342 -8818 -12024 -12030 -12061 -11775 -11691 -11733 -11726 -11798 -11815 -11678 -11830 -12232 -12479 -8855 -8526 -8343 -8105 -8227 -8230 -8520 -8978 -9373 -8948 -12115 -12066 -12049 -11934 -11734 -12411 -12290 -12468 -12778 -13305 -13324 -13460 -13722 -13556 -13054 -13594 -13458 -13165 -13202 -13494 -13530 -10239 -10487 -10469 -10789 -11179 -11287 -11443 -11369 -11387 -11396 -11375
-14349 -14377 -14213 -14178 -10818 -10929 -10778 -10584 -10221 -10112 -9683 -8978 -8962 -8822 -12349 -12008 -12135 -11955 -12112 -12092 -12123 -12057 -11981 -11822 -11821 -11998 -12202 -12354 -8708 -8506 -8134 -8069 -8136 -8401 -8588 -8770 -8503 -11769 -11736 -11873 -11714 -11880 -12322 -12881 -12923 -13421 -13667 -13570 -13588 -13816 -13566 -13675 -13711 -13288 -12932 -13447 -13678 -13616 -10344 -10808 -10715 -11016 -11351 -11401 -11361 -11385 -11422 -11432 -11408
-14458 -14452 -14349 -14151 -10714 -10803 -10643 -10352 -9722 -9749 -9031 -8748 -8444 -8785 -12068 -11886 -12098 -12053 -12329 -12306 -12575 -12334 -11992 -11870 -11921 -11948 -11982 -12256 -8963 -8759 -8231 -8119 -8112 -8205 -8177 -8207 -11821 -11677 -11625 -11665 -11741 -12180 -12880 -13117 -13247 -13380 -13648 -13682 -13604 -13763 -13899 -13755 -13799 -13830 -13498 -13450 -10514 -10351 -10538 -10887 -10750 -10895 -10999 -11214 -11298 -11400 -11445 -11457 -11421
-14523 -14469 -14441 -14178 -10630 -10622 -10438 -10146 -9428 -9489 -9007 -8671 -8576 -12364 -12326 -11887 -11909 -12074 -12366 -12277 -12119 -11961 -11962 -11802 -12145 -12312 -12218 -12366 -9069 -9005 -8481 -8236 -8127 -8008 -11710 -11571 -11618 -11858 -11687 -11503 -11805 -12446 -12949 -13283 -13334 -13162 -13569 -13770 -13489 -13138 -13717 -13810 -13808 -13873 -13592 -13676 -10513 -10368 -10544 -10790 -10939 -10520 -11001 -11106 -11290 -11412 -11369 -11472 -11444
-14612 -14496 -14456 -14194 -14114 -10452 -10243 -10035 -9519 -9540 -9301 -8491 -8894 -8993 -12274 -12095 -11934 -12107 -12274 -12105 -11738 -11584 -12040 -11933 -12172 -12447 -12600 -9171 -9116 -8774 -8312 -8090 -8025 -11523 -11761 -11702 -11546 -11650 -11768 -11170 -11380 -12137 -13079 -13332 -13383 -13112 -13211 -13529 -13434 -12980 -13514 -13644 -13821 -13911 -13724 -13377 -13763 -13868 -10215 -10443 -10910 -11017 -11049 -11357 -11451 -11429 -11465 -11480 -11456
-14725 -14539 -14461 -14077 -13882 -13832 -10054 -10008 -9506 -9310 -9166 -12006 -8780 -12649 -12610 -12430 -12276 -12193 -12157 -11946 -11643 -11607 -12076 -11952 -12026 -12183 -12402 -12650 -9133 -8537 -8043 -7913 -11345 -11442 -11667 -11686 -11600 -11668 -11947 -11680 -11610 -12307 -12952 -13297 -13127 -13001 -12972 -13114 -13323 -12991 -13350 -13650 -13755 -13905 -13873 -13317 -13577 -13752 -10239 -10741 -10962 -11013 -10851 -11229 -11417 -11422 -11460 -11482 -11467
-14887 -14647 -14401 -13886 -13831 -13667 -13656 -10013 -12808 -9008 -9033 -11977 -12256 -12604 -12682 -12623 -12370 -12235 -12146 -11937 -11802 -11792 -11986 -11940 -11842 -12017 -12155 -12500 -9361 -8798 -8123 -7992 -11382 -11392 -11562 -11793 -11953 -11999 -12371 -12381 -11857 -12433 -12969 -13086 -13129 -12914 -12931 -12886 -13204 -13304 -13574 -13803 -13781 -13886 -13892 -13849 -13840 -13995 -10419 -10594 -11016 -11117 -11223 -11137 -11316 -11373 -11447 -11479 -11481
-15079 -14775 -14520 -14181 -13880 -13553 -13619 -13009 -12644 -12351 -12421 -12245 -12272 -12613 -12646 -12613 -12456 -12494 -12291 -12051 -11893 -11856 -12210 -12209 -12069 -12149 -12257 -12593 -9728 -9421 -8366 -8268 -11554 -11381 -11593 -11978 -12219 -12331 -12357 -12444 -12372 -12489 -12828 -13086 -13257 -13228 -13313 -13317 -13442 -13386 -13663 -13884 -13710 -13734 -13977 -10618 -10734 -10554 -10711 -10755 -10975 -11205 -10882 -11044 -11056 -11291 -11429 -11474 -11485
-15270 -14920 -14565 -14357 -14052 -13653 -13387 -12892 -12658 -12145 -11641 -12066 -12370 -12539 -12530 -12447 -12664 -12741 -12450 -12147 -11994 -12328 -12557 -12484 -12228 -11939 -12200 -12655 -9972 -9416 -8395 -8167 -11457 -11167 -11289 -11798 -12241 -12171 -12055 -12199 -12080 -12458 -13009 -13211 -13361 -13575 -13616 -13080 -13057 -13101 -13617 -13770 -13579 -13522 -10328 -10557 -10553 -10580 -10724 -10800 -10952 -11324 -11309 -11038 -10560 -11210 -11404 -11468 -11485
-15501 -15122 -14743 -14439 -14199 -13773 -13433 -12985 -12710 -11920 -11322 -11763 -12243 -12405 -12398 -12388 -12815 -12846 -12430 -12180 -12266 -12734 -12827 -12723 -12424 -12066 -12214 -12658 -9702 -9089 -11585 -11081 -11095 -11096 -11109 -11554 -11909 -11958 -11617 -11704 -12121 -12732 -13028 -13133 -13227 -13085 -13217 -13166 -12760 -12773 -13028 -13586 -13550 -13457 -13716 -13897 -10526 -10543 -10807 -10885 -10731 -11154 -11291 -11291 -11030 -11238 -11389 -11464 -11481
-12153 -15381 -14845 -14585 -14328 -13906 -13365 -12946 -12575 -11670 -11446 -11543 -12054 -12331 -12318 -12441 -12892 -12886 -12440 -12191 -12474 -13035 -13249 -13358 -13028 -12273 -12151 -12710 -9729 -12322 -11439 -10979 -11141 -11400 -11326 -11662 -11637 -11792 -11469 -10996 -11792 -12471 -12726 -12712 -12604 -12621 -12550 -12753 -12569 -12651 -12852 -13457 -13513 -13436 -13249 -10414 -10689 -10914 -11051 -11093 -10805 -11139 -11243 -11194 -11365 -11049 -11159 -11466 -11493
-12365 -15451 -15194 -15063 -14582 -14086 -13625 -13069 -12353 -11682 -11321 -11817 -12052 -12203 -12398 -12584 -12875 -12948 -12704 -12426 -12725 -13245 -13805 -14188 -13466 -12781 -12298 -12878 -9642 -12450 -11788 -11501 -11288 -11346 -11514 -11926 -11794 -11591 -11284 -10954 -11075 -12005 -12298 -12396 -12200 -12256 -12493 -12875 -12540 -12387 -12723 -13082 -13487 -13253 -13422 -10287 -10728 -10588 -11072 -11161 -11152 -11223 -11203 -11210 -11368 -11300 -11400 -11496 -11349
-12599 -12078 -15504 -14733 -14577 -14171 -13980 -13163 -12220 -11613 -11542 -11680 -11922 -12152 -12461 -12598 -12805 -13023 -12915 -12815 -13093 -13565 -14106 -14336 -13891 -13490 -12848 -12814 -9559 -9147 -12120 -11794 -11326 -11118 -11495 -11739 -11899 -11416 -11193 -10865 -11187 -11442 -11947 -11981 -12415 -12275 -12429 -12633 -12730 -12516 -12728 -13208 -13463 -13607 -13066 -13550 -10398 -10656 -10588 -10980 -11139 -11200 -11088 -11141 -11323 -11264 -11347 -11546 -11582
-12968 -12382 -15402 -15085 -14715 -14422 -13923 -13374 -12377 -11850 -11513 -11598 -12006 -12310 -12485 -12519 -12750 -13117 -13271 -13301 -13442 -13694 -14032 -14297 -14147 -14043 -13283 -12915 -12789 -12303 -11996 -11576 -11293 -10878 -11215 -11172 -11510 -11222 -11090 -11087 -11312 -11695 -11731 -11751 -12256 -12315 -12507 -12558 -12794 -12570 -12868 -13043 -13362 -13067 -13066 -12648 -13058 -9617 -10358 -10987 -10809 -10898 -10339 -10612 -11166 -11247 -11389 -11523 -11609
-13298 -12744 -12128 -15332 -15081 -14520 -14051 -13155 -12434 -12216 -11814 -11974 -12172 -12409 -12673 -12478 -12948 -13212 -13415 -13429 -13620 -13603 -13727 -14089 -14403 -14256 -13810 -13138 -12370 -11720 -11388 -11191 -11087 -10844 -10817 -10723 -11114 -11472 -11310 -11316 -11457 -11895 -12045 -11835 -12279 -12304 -12514 -12521 -12832 -12616 -12851 -13166 -13087 -13174 -13225 -12835 -12950 -13005 -9867 -10221 -10853 -10864 -10723 -10226 -10944 -11116 -11290 -11375 -11567
-13597 -13107 -12432 -15539 -15222 -14619 -14108 -13214 -12606 -12229 -12104 -12340 -12407 -12709 -12695 -12604 -12931 -13285 -9914 -9883 -13640 -13672 -13610 -13983 -14226 -14222 -14189 -13556 -12728 -12045 -11610 -11387 -11196 -10959 -10852 -10809 -10882 -11593 -11561 -11691 -12094 -12358 -12266 -12096 -12397 -12403 -12738 -12769 -13004 -12836 -12872 -13017 -12858 -13338 -13269 -13135 -12949 -13056 -10109 -9882 -10505 -10621 -10579 -9800 -10365 -11088 -11199 -11333 -11371
-13784 -13285 -12592 -12056 -15325 -14370 -13818 -13183 -12968 -12351 -12276 -12655 -12639 -12724 -12726 -12670 -12746 -13272 -9965 -9970 -13696 -13914 -14080 -14082 -13962 -14049 -14188 -13781 -13469 -13107 -12720 -12204 -11641 -11145 -11054 -10469 -10857 -12032 -12026 -12274 -12492 -13017 -12860 -12382 -12483 -12488 -12921 -12967 -13005 -13062 -13006 -13272 -13025 -13515 -13669 -13488 -13305 -13098 -10405 -10540 -10840 -11000 -10402 -10849 -11074 -11096 -11180 -11222 -11318
-13968 -13433 -12663 -12098 -14943 -14354 -14136 -13646 -13224 -12870 -12797 -12857 -12676 -12684 -12867 -12794 -12742 -13176 -9916 -10020 -13755 -13870 -14083 -14023 -13671 -13840 -13903 -13924 -13966 -13976 -13894 -12998 -12279 -11485 -10926 -10509 -10969 -12638 -12579 -12846 -12984 -13526 -13617 -12606 -12745 -12860 -13239 -13339 -13302 -13456 -13217 -13507 -13166 -13220 -13696 -13799 -13477 -13662 -10453 -10479 -10905 -11246 -10659 -11088 -11452 -11271 -11178 -11207 -11226
-14014 -13426 -12338 -15381 -14983 -14436 -14126 -13573 -13146 -13239 -13102 -13048 -12890 -12843 -12886 -12705 -12732 -13044 -13354 -13556 -13785 -13895 -14008 -13824 -13819 -13967 -13923 -13756 -13739 -13670 -13639 -13328 -12650 -11815 -11692 -11347 -11643 -13480 -13961 -13534 -13643 -14878 -14047 -13028 -13032 -9655 -9867 -10117 -10221 -10397 -9943 -13771 -13441 -13820 -13829 -10580 -10361 -10765 -10706 -10667 -10862 -11380 -11203 -11162 -11565 -11313 -11198 -11090 -11240
-14101 -13506 -12457 -11882 -15083 -14758 -14539 -13995 -13787 -13557 -13264 -13187 -12967 -12977 -12940 -12869 -12866 -12993 -13150 -13384 -13728 -13953 -14038 -13847 -13897 -13882 -13760 -13647 -13499 -13160 -13126 -13050 -12656 -12090 -12255 -11961 -12389 -13733 -14994 -14394 -14983 -14600 -10178 -10013 -9994 -10603 -10168 -10414 -10624 -11092 -10391 -10480 -13563 -13496 -13721 -10453 -10817 -10881 -10701 -10637 -10943 -11360 -10961 -11105 -11672 -11360 -11222 -11192 -11248
-14233 -13642 -12627 -12068 -15201 -15000 -14510 -14283 -13970 -14008 -13893 -13414 -13177 -13173 -13020 -13061 -13044 -13138 -13054 -13281 -13745 -13897 -14008 -13889 -13918 -13856 -13761 -13508 -13249 -12995 -12758 -12820 -12576 -12410 -12732 -12267 -12225 -10068 -15134 -14575 -15058 -14296 -10308 -10648 -10648 -10971 -10921 -10815 -10915 -11293 -10773 -11031 -10180 -10349 -13977 -10406 -10709 -10871 -10741 -10581 -10977 -11418 -10980 -10856 -11448 -11392 -11165 -11507 -11430
-11283 -13570 -12906 -12397 -11833 -11684 -14892 -14680 -14339 -14218 -13998 -13574 -13330 -13297 -13239 -13149 -13043 -12891 -12940 -13304 -13803 -14062 -14040 -14013 -13975 -14004 -14109 -13635 -13115 -12885 -12842 -12774 -12623 -12751 -12969 -12661 -12281 -9764 -12550 -14427 -14830 -10525 -10803 -11082 -11293 -10985 -11169 -11110 -11182 -11432 -11100 -10951 -10342 -10514 -10186 -10004 -10200 -10628 -10641 -10565 -11061 -11365 -10939 -10432 -11102 -11418 -11504 -11688 -11754
-11414 -13791 -13214 -12732 -12260 -11997 -11850 -14945 -14688 -14617 -14520 -13917 -13479 -13492 -13472 -13251 -13120 -12988 -13095 -13486 -13931 -10668 -14235 -14183 -14048 -14011 -14317 -14122 -13352 -13063 -13158 -13115 -13046 -13073 -13024 -13019 -12594 -9317 -10120 -15329 -14214 -10758 -11143 -11242 -11252 -11032 -11173 -11272 -11466 -11353 -11434 -10971 -10870 -10160 -10426 -13750 -13867 -10493 -10802 -10868 -11013 -11365 -11221 -10506 -11041 -11227 -11619 -11844 -11887
-11606 -14193 -13565 -13035 -12760 -12626 -12144 -11799 -15161 -15072 -14527 -13948 -13708 -13613 -13437 -13361 -13245 -13357 -13621 -14000 -14095 -14274 -14458 -14488 -14153 -14112 -14725 -14685 -13679 -13338 -13493 -9995 -10082 -9921 -9712 -9399 -9126 -8974 -9478 -10100 -10246 -10757 -11016 -10992 -11115 -11143 -11156 -11087 -11174 -11319 -11228 -11260 -10981 -10336 -10620 -10289 -10682 -10670 -10658 -10885 -11012 -11345 -11092 -10899 -11319 -11365 -11820 -12036 -12218
-11711 -11390 -13926 -13537 -13247 -12875 -12637 -12152 -11841 -15185 -14634 -14186 -14178 -14115 -13936 -13832 -13853 -14044 -10786 -12150 -14324 -14289 -14577 -14701 -15187 -14652 -11529 -11286 -13995 -13796 -10404 -10492 -10598 -10513 -10062 -9524 -9371 -9369 -9521 -9862 -10147 -10420 -10996 -10948 -11036 -11133 -11261 -11342 -11293 -11329 -11226 -11283 -10928 -10725 -10091 -13787 -10804 -10938 -10842 -11113 -10694 -10977 -11036 -11167 -11690 -11473 -11828 -12188 -12292
-11924 -11333 -14101 -13922 -13947 -13661 -13498 -12771 -12392 -15230 -14846 -14565 -14635 -14582 -10936 -10804 -10859 -11131 -11587 -12941 -12861 -12514 -14745 -11302 -11381 -12131 -11652 -11405 -14415 -10600 -10967 -11082 -10961 -10819 -10428 -9912 -9627 -9664 -9647 -9970 -10114 -10303 -10508 -10718 -10959 -11214 -11331 -11383 -11387 -11697 -11628 -11503 -11407 -11185 -10401 -13802 -10187 -10773 -10899 -11158 -10719 -10896 -11038 -11069 -11505 -11558 -11770 -12195 -12325
-11927 -11450 -11312 -11231 -11994 -12156 -14018 -13409 -13242 -12149 -12052 -12140 -11963 -11708 -11609 -11330 -12007 -12508 -13375 -10991 -13759 -12756 -12286 -12302 -12448 -11904 -11422 -11402 -11266 -11225 -11589 -11691 -11318 -11056 -10763 -10342 -9909 -9756 -9830 -10233 -10176 -10414 -10687 -10932 -11095 -11120 -11189 -11289 -11311 -11521 -11548 -11466 -11459 -11257 -10693 -10861 -10414 -10917 -10979 -11111 -10742 -11012 -11370 -11372 -11523 -11735 -11893 -12382 -12469
-11826 -11572 -11372 -11456 -12125 -12217 -14192 -13945 -13714 -12701 -12587 -12436 -12210 -12060 -11829 -11871 -11816 -12770 -10735 -11444 -12995 -12316 -12262 -12643 -12933 -12328 -11536 -11464 -11395 -11384 -11749 -11809 -11494 -11064 -10758 -10483 -10300 -10241 -7357 -10509 -10214 -10499 -7684 -10967 -11016 -11263 -11517 -11463 -11360 -11361 -11336 -11583 -11481 -11318 -11068 -10670 -10518 -11213 -11384 -11275 -11066 -10219 -11197 -11355 -11630 -11786 -12373 -12528 -12675
-11698 -11575 -11461 -12255 -12300 -12418 -11530 -11459 -11165 -13193 -12733 -12593 -12316 -12218 -12193 -12242 -12412 -10154 -10133 -10225 -12682 -12497 -12517 -12551 -12347 -11841 -11456 -11436 -11463 -11345 -11503 -11663 -11466 -11082 -10774 -10586 -10629 -7565 -7629 -7688 -10457 -7643 -7926 -11004 -11170 -11378 -11660 -11592 -11472 -11433 -11347 -11406 -11272 -11372 -11190 -10735 -10937 -10523 -11154 -11501 -11465 -10462 -11183 -11746 -11759 -12214 -12466 -12619 -12788
-11714 -11596 -11559 -11814 -12490 -12604 -12563 -12647 -12029 -10910 -9979 -12508 -12495 -12360 -12404 -9423 -10182 -10795 -10577 -10265 -12797 -12582 -12617 -12449 -11974 -11531 -11376 -11483 -11708 -11675 -11527 -11500 -11347 -11069 -10756 -10580 -10442 -7423 -7177 -7249 -7493 -7607 -10589 -10639 -10930 -11346 -11660 -11660 -11875 -11820 -11722 -11512 -11452 -11609 -11498 -11032 -10676 -10371 -10882 -11307 -11688 -11444 -11455 -11857 -11942 -12383 -12518 -12667 -12833
-11838 -11666 -11668 -11901 -12853 -12844 -12870 -12189 -11505 -10368 -9816 -9591 -9540 -9529 -9546 -9492 -10479 -10324 -10255 -10057 -12872 -12783 -12729 -12321 -11890 -11562 -11110 -11172 -8569 -8602 -8368 -8299 -8298 -8077 -7824 -10581 -10316 -7154 -7284 -7423 -7585 -7559 -10729 -10770 -11268 -11652 -11769 -11800 -12014 -11984 -11973 -11850 -11601 -11700 -11695 -11569 -11151 -10856 -10731 -11032 -11688 -11796 -11635 -11959 -12272 -12411 -12543 -12668 -12769
-11840 -11799 -11793 -11977 -13091 -12398 -12106 -11533 -10690 -9873 -9509 -9311 -9188 -9296 -9580 -9612 -9955 -10085 -9951 -9895 -12847 -12682 -12423 -12065 -11777 -11463 -11081 -7815 -8163 -8346 -8296 -8250 -8220 -8097 -7837 -7547 -10219 -7068 -7143 -7390 -7272 -10344 -10611 -10796 -11464 -11471 -11706 -11666 -11687 -11764 -11958 -11890 -11707 -11837 -11668 -11659 -11795 -11755 -11604 -11634 -11758 -11940 -12235 -12415 -12487 -12655 -12641 -12727 -12797
-12010 -12003 -11958 -12172 -10656 -12464 -11945 -11203 -10340 -9484 -12102 -8973 -11893 -9072 -9386 -9558 -9846 -9879 -9847 -9814 -12745 -12559 -12403 -9068 -8823 -8420 -8047 -7668 -7794 -8101 -8239 -8184 -8113 -7995 -7750 -7427 -10097 -9962 -6864 -7036 -9997 -10298 -10780 -11440 -8763 -8769 -11861 -11815 -11732 -11665 -11601 -11656 -11792 -12035 -12020 -12093 -11972 -11934 -11998 -11917 -11937 -12223 -12469 -12714 -12616 -12804 -12861 -12788 -12904
-12248 -12282 -12266 -12396 -12368 -11971 -11259 -10684 -9870 -12057 -11729 -11593 -11804 -12066 -12084 -9257 -9608 -9724 -9841 -9848 -9686 -9592 -9296 -9013 -8710 -8316 -7980 -7636 -7546 -7949 -8115 -8037 -7957 -7839 -7603 -7242 -9968 -9906 -9559 -9667 -9969 -10360 -11131 -8726 -9162 -9279 -8956 -12001 -12028 -11985 -11871 -11778 -11838 -12029 -12055 -12105 -11941 -11898 -11573 -11934 -12051 -12221 -12663 -12937 -12826 -12774 -12785 -12806 -12890
-12381 -12396 -12557 -10036 -9879 -12031 -11250 -10467 -9403 -11802 -11451 -11370 -11603 -11979 -11955 -12136 -12467 -9598 -9783 -9781 -9681 -9522 -9278 -8937 -8586 -8212 -7866 -7567 -7460 -7737 -7885 -7827 -7754 -7625 -7423 -7157 -9934 -9749 -9607 -9601 -9940 -10416 -11157 -8937 -9321 -9418 -9312 -8970 -12042 -11991 -11952 -11857 -11653 -11793 -11958 -11771 -11841 -11770 -11675 -12170 -12249 -12588 -12834 -9891 -13007 -12987 -12901 -13118 -12982
-12553 -12597 -10178 -10124 -9813 -11825 -11043 -10211 -9343 -11913 -11541 -11458 -11184 -11396 -11582 -11837 -12272 -12488 -9646 -9732 -9673 -9464 -9252 -8911 -8526 -8200 -7885 -7623 -7455 -7450 -7477 -7455 -7418 -7332 -7201 -7081 -9953 -9833 -9835 -9911 -10211 -10635 -8545 -9126 -9400 -9457 -9322 -9258 -9251 -12238 -12102 -12057 -12018 -11937 -11941 -12020 -12102 -12238 -12266 -12405 -12391 -12841 -12907 -12845 -12896 -13009 -13268 -13293 -13186
-10168 -10256 -10309 -10028 -9531 -11460 -10625 -10010 -9373 -11906 -11465 -11186 -10896 -10796 -11055 -11552 -12091 -12441 -9672 -9824 -9656 -9409 -9178 -8781 -8421 -8135 -7829 -7554 -7395 -7301 -7274 -7217 -7161 -7024 -9947 -9894 -9821 -9827 -9979 -10167 -10664 -8338 -9167 -9569 -9802 -9846 -9742 -9568 -9378 -9221 -12185 -12216 -12187 -12206 -12271 -12258 -12283 -12436 -12542 -12719 -12729 -12986 -13120 -13194 -13271 -13366 -13312 -13316 -13263
-10284 -10383 -10443 -9916 -9283 -11117 -10356 -9823 -9379 -11886 -11413 -11041 -10639 -14149 -10811 -11488 -12041 -12449 -9717 -9941 -9539 -9418 -9113 -8710 -8358 -8091 -7784 -7503 -7349 -7211 -7161 -7062 -6984 -9874 -9807 -9795 -9784 -9855 -9978 -10491 -7997 -8718 -9447 -9811 -10063 -10088 -9980 -9780 -9534 -9376 -12332 -12417 -12416 -12414 -12433 -12362 -12497 -12586 -12700 -12723 -12856 -13026 -13291 -13449 -10415 -10400 -13365 -13314 -10312
-10384 -10430 -10160 -9610 -8858 -10657 -10112 -9671 -9200 -11897 -11467 -11106 -10708 -10640 -10974 -11640 -12110 -12460 -9677 -9755 -9502 -9232 -9090 -8672 -8302 -8070 -7764 -7505 -7327 -7171 -7074 -6964 -6879 -9804 -9781 -9842 -9875 -9977 -10154 -7736 -8155 -8839 -9540 -9901 -10144 -10189 -10127 -9961 -9712 -9563 -9476 -9562 -12664 -12588 -12532 -12522 -12568 -12661 -12781 -12873 -13034 -13272 -13377 -10363 -10500 -10473 -13420 -13383 -10344
