---
Cu Cloudbase (Sfc. LCL) [ft] Valid 1200 PST ~Z75~(2000Z)~Z~ FRI 19 May 2017 ~Z75~[20hrFcst@1453z]~Z~
Model= RASP Region= PANOCHE Grid= w2 Reskm= 1.3 Indexs= 1 69 1 63 Proj= lambert 1333 1333 40.0000 40.0000 -73.0000 36.8890 -121.0672
Day= 2017 5 19 FRI ValidLST= 1200 PST ValidZ= 2000 Fcst= 20.0 Init= 12 Param= zsfclcl Unit= ft Mult= 1 Min= 5913 Max= 12901
10866 10772 10655 10559 10467 10397 10346 10336 10378 10436 10517 10625 10755 10872 10997 11076 11216 11365 11495 11637 11775 11905 12047 12191 12339 12469 12512 12559 12571 12487 12345 12196 12068 11928 11913 11992 12181 12242 12193 11992 11783 11534 11277 10958 10621 10236 10060 10017 10054 10060 10063 10001 9988 9992 10025 10016 9984 9904 9857 9816 9792 9802 9881 10014 10067 9997 9840 9666 9459
10843 10703 10594 10507 10439 10389 10352 10343 10365 10400 10469 10592 10726 10850 10978 11097 11238 11393 11567 11727 11875 12000 12135 12272 12415 12526 12570 12586 12592 12484 12314 12172 12041 11917 11896 11925 12077 12160 12121 12054 11880 11649 11381 11077 10765 10432 10207 10030 10026 10013 9993 9955 9971 9969 10009 10019 10024 9921 9869 9827 9800 9797 9854 9959 10004 9949 9806 9667 9458
10778 10682 10564 10469 10409 10368 10343 10332 10332 10382 10444 10539 10711 10860 10993 11144 11311 11493 11688 11855 11997 12110 12229 12345 12476 12575 12612 12614 12605 12479 12260 12148 11997 11878 11847 11853 11971 12058 12120 12117 11999 11792 11526 11239 10943 10640 10399 10137 10053 10030 10003 9994 9995 9983 10010 10037 10022 9961 9902 9872 9819 9797 9823 9917 9915 9876 9781 9647 9470
10650 10591 10477 10468 10375 10332 10317 10279 10303 10353 10445 10556 10737 10879 11020 11183 11361 11626 11905 12065 12157 12222 12297 12404 12504 12623 12706 12684 12635 12430 12272 12171 11878 11749 11702 11725 11826 12010 12127 12254 12194 11996 11731 11472 11195 10913 10629 10273 10129 10112 10070 10086 10070 10055 10009 10020 10035 10000 9986 9895 9839 9785 9764 9807 9778 9764 9744 9688 9536
10589 10497 10407 10378 10336 10291 10295 10258 10288 10365 10422 10710 10846 10939 11016 11065 11231 11796 12262 12297 12263 12242 12268 12409 12473 12730 12901 12774 12689 12487 12391 12312 11745 11548 11484 11552 11702 12005 12311 12432 12488 12286 11975 11705 11405 11052 10656 10153 10055 10183 10176 10098 10054 10025 9980 10066 10109 10144 10047 9892 9834 9686 9635 9810 9657 9738 9734 9685 9535
10568 10494 10398 10366 10331 10285 10280 10229 10234 10284 10343 10486 10715 10898 10964 11142 11756 12291 12296 12228 12221 12229 12360 12503 12634 12800 12738 12569 12443 12379 12267 12184 11772 11537 11509 11644 11757 11933 12106 12192 12246 12248 12011 11672 11429 11112 10759 10327 10085 10016 10141 10184 10069 10062 9989 10044 10082 10151 9918 9770 9863 9780 9573 9692 9716 9696 9655 9602 9471
10596 10477 10396 10368 10331 10236 10250 10281 10256 10271 10326 10376 10679 10860 11015 11677 12278 12346 12301 12252 12236 12333 12562 12688 12736 12775 12685 12434 12321 12325 12235 12087 11724 11438 11422 11458 11614 12024 12039 12104 12164 12132 12045 11701 11403 11169 10878 10535 10070 10063 10164 10132 10096 10096 10150 10101 10095 10067 9903 9822 9873 9782 9698 9708 9695 9656 9510 9463 9328
10582 10462 10385 10359 10323 10248 10268 10262 10360 10315 10314 10324 10681 10865 11486 12206 12389 12360 12253 12186 12268 12542 12759 12760 12727 12692 12566 12371 12264 12198 12113 12090 11757 11441 11459 11496 11609 11917 11887 11896 11980 11962 11943 11794 11448 11190 10962 10693 10317 10103 10260 10291 10161 10095 10286 10184 9935 9969 10004 10016 9808 9804 9757 9872 9812 9581 9423 9321 9230
10542 10436 10371 10349 10318 10297 10281 10274 10299 10254 10359 10364 10651 11213 12008 12328 12430 12314 12179 12200 12493 12727 12771 12730 12672 12580 12397 12317 12237 12200 12147 12143 11852 11495 11506 11485 11573 11836 11740 11817 11817 11764 11705 11641 11459 11158 10924 10726 10504 10131 10278 10334 10184 10084 10175 10258 10059 9931 10018 9932 9660 9681 9669 9801 9883 9579 9367 9246 9154
10458 10391 10349 10332 10312 10291 10276 10276 10297 10302 10557 10602 10909 11781 12173 12402 12398 12259 12119 12352 12634 12694 12707 12678 12555 12388 12304 12242 12187 12171 12143 12157 11977 11715 11632 11475 11493 11660 11609 11584 11645 11576 11494 11360 11277 11096 10815 10560 10377 10255 10269 10258 10231 10072 10167 10216 10173 9885 9859 9938 9717 9513 9499 9689 9911 9541 9332 9230 9119
10391 10353 10323 10313 10301 10284 10284 10283 10298 10296 10522 10730 11441 11999 12163 12325 12308 12143 12106 12443 12565 12614 12643 12607 12359 12274 12164 12153 12128 12117 12109 12163 12098 11743 11568 11455 11405 11358 11492 11455 11452 11384 11281 11192 11065 10910 10704 10441 10050 10188 10150 10074 10018 10027 10125 10121 10157 9862 9955 9951 10175 9547 8952 9683 9831 9499 9323 9193 9082
10327 10310 10289 10287 10287 10282 10303 10303 10327 10309 10492 11229 11727 11892 12066 12197 12184 12040 12123 12397 12473 12511 12548 12526 12282 12164 12102 12057 12059 12059 12123 12242 12253 11810 11579 11439 11379 11387 11306 11327 11271 11235 11097 10979 10841 10688 10511 10348 10138 10107 10191 10086 9957 10009 9939 10015 10025 9995 9704 9979 10164 9975 9799 9748 9669 9495 9264 9138 9053
10274 10262 10249 10257 10273 10286 10328 10350 10384 10432 10952 11383 11606 11799 11944 12050 12028 11941 12103 12304 12358 12400 12444 12405 12172 12054 11991 11969 12018 12047 12187 12297 12350 11871 11531 11445 11342 11295 11266 11173 11193 11105 10972 10824 10690 10539 10351 10161 10101 10056 10066 9980 9866 9838 9904 9903 10072 10180 9948 9823 9985 10053 10028 9739 9520 9402 9234 9114 9031
10216 10214 10211 10229 10260 10290 10346 10394 10431 10568 10975 11175 11490 11673 11809 11885 11830 11797 12027 12192 12251 12316 12345 12239 12032 11953 11916 11947 12015 12039 12151 12206 12326 11945 11527 11490 11410 11489 11326 11147 11105 10978 10901 10741 10615 10490 10337 10274 10204 10117 10004 9959 9814 9794 9893 9841 9902 9951 10119 9848 9801 9905 9956 9672 9347 9350 9217 9098 9016
10155 10167 10177 10204 10247 10283 10349 10399 10450 10545 10904 11129 11288 11513 11659 11715 11637 11673 11925 12067 12154 12229 12210 12015 11921 11890 11885 11945 11978 11980 12055 12104 12228 12154 11832 11526 11336 11302 11395 11223 11022 10913 10836 10659 10472 10428 10288 10141 10115 9958 9884 9958 9825 9789 9756 9832 9932 9891 9995 9820 9725 9787 9734 9510 9278 9316 9231 9091 9010
10091 10121 10145 10180 10227 10266 10332 10382 10430 10502 10790 10968 11231 11301 11441 11511 11475 11546 11784 11952 12064 12114 11994 11914 11858 11851 11861 11905 11906 11945 12041 12054 12133 12023 11936 11817 11395 11344 11447 11338 11208 11056 10894 10709 10463 10318 10189 10090 10015 9936 9841 9904 9821 9867 9798 9802 9896 9872 10085 9805 9651 9810 9884 9576 9303 9302 9212 9101 9002
10022 10072 10112 10158 10202 10248 10310 10374 10409 10440 10676 10790 11013 11073 11177 11300 11303 11350 11627 11856 11978 11968 11917 11820 11778 11798 11827 11881 11899 11999 12037 11992 12018 11874 11859 12087 11686 11396 11506 11488 11367 11183 10964 10747 10496 10320 10181 10072 10022 9983 9872 9896 9833 9909 9892 9757 9868 9861 9743 9692 9660 9697 9818 9715 9410 9287 9137 9046 8999
9950 10019 10078 10136 10180 10239 10297 10377 10385 10358 10546 10595 10761 10850 11012 11076 11108 11257 11577 11772 11887 11948 11906 11722 11689 11740 11829 11913 11949 12020 11944 11906 11902 11744 11850 11980 11852 11604 11638 11518 11516 11402 11178 10815 10592 10300 10165 10024 9978 10095 9925 10090 9940 9884 9890 9782 9766 9822 9598 9584 9637 9750 9762 9648 9461 9263 9110 9028 8992
9872 9964 10045 10120 10169 10242 10298 10381 10364 10272 10369 10374 10427 10622 10775 10859 10945 11181 11434 11677 11803 11857 11698 11616 11633 11743 11879 11942 11940 11934 11818 11830 11766 11626 11747 11815 11602 11568 11629 11476 11365 11263 11214 11014 10684 10367 10245 10121 10057 10111 9953 9935 9969 9865 9888 9860 9604 9692 9577 9568 9441 9561 9528 9425 9359 9188 9076 9011 8974
9795 9912 10016 10111 10171 10255 10311 10385 10353 10202 10191 10153 10179 10392 10577 10674 10794 11028 11314 11591 11696 11715 11577 11548 11640 11795 11888 11882 11860 11814 11705 11743 11605 11480 11610 11621 11503 11568 11553 11309 11112 11155 11064 11003 10670 10316 10139 10059 10125 10109 9951 9898 9931 9829 9848 9862 9606 9710 9582 9391 9380 9512 9386 9223 9091 9111 9035 8987 8959
9719 9862 9991 10109 10185 10278 10332 10401 10353 10132 10047 9974 9977 10153 10401 10505 10642 10902 11210 11493 11492 11471 11455 11533 11674 11785 11794 11769 11762 11701 11616 11634 11427 11430 11529 11499 11463 11473 11391 11213 11046 11034 10870 10854 10836 10519 10186 10022 9980 10047 9970 10068 9999 9887 9811 9839 9625 9592 9670 9352 9236 9378 9385 9247 8961 9045 8991 8988 8930
9644 9813 9969 10113 10204 10309 10361 10435 10363 10065 9952 9866 9853 10005 10254 10358 10502 10778 11101 11372 11396 11382 11431 11553 11647 11695 11674 11675 11676 11605 11556 11531 11328 11422 11478 11423 11411 11296 11212 11088 10972 10868 10805 10724 10711 10637 10397 10131 10119 10051 10043 9982 9931 9845 9802 9758 9753 9631 9528 9255 9163 9281 9259 9071 9038 9000 8954 8905 8890
9565 9759 9939 10111 10222 10346 10400 10492 10391 10013 9903 9815 9829 9847 10152 10245 10377 10651 10984 11251 11364 11351 11467 11553 11579 11618 11588 11636 11618 11507 11520 11462 11214 11402 11441 11311 11289 11164 11063 10978 11000 10916 10782 10615 10599 10494 10446 10207 10081 10019 9990 10012 9927 9934 9903 9735 9828 9592 9362 9183 9101 9160 9229 9215 9106 8967 8891 8860 8855
9485 9700 9902 10105 10241 10388 10448 10559 10443 9999 9902 9799 9793 9872 10098 10168 10280 10538 10865 11142 11190 11336 11465 11519 11552 11604 11636 11621 11531 11484 11524 11364 11164 11430 11381 11128 11130 11050 10984 10876 10805 10829 10655 10544 10606 10394 10303 10176 9928 9863 10035 9970 9800 9890 10009 9845 9792 9601 9413 9245 9113 9106 9170 9139 9007 8911 8847 8823 8824
9402 9635 9864 10096 10262 10432 10506 10623 10514 10024 9922 9836 9847 9961 10066 10136 10235 10460 10761 11042 11139 11293 11416 11493 11543 11591 11609 11632 11566 11498 11518 11208 11169 11405 11318 11013 11022 10973 10909 10818 10794 10771 10530 10535 10431 10375 10192 10079 9897 9775 9808 9902 9757 9793 9971 9851 9706 9667 9443 9337 9282 9148 9041 8932 8810 8850 8811 8794 8798
9322 9578 9833 10096 10288 10478 10567 10684 10588 10044 9910 9887 9943 9954 10026 10142 10248 10433 10695 10970 11053 11222 11366 11457 11521 11561 11578 11598 11588 11525 11448 11127 11132 11231 11276 11041 11010 10975 10903 10798 10826 10708 10596 10366 10294 10156 10114 9997 9851 9727 9814 9708 9708 9867 9971 9707 9535 9589 9363 9198 9222 9108 8918 8873 8833 8826 8786 8770 8774
9243 9522 9805 10098 10315 10532 10636 10756 10663 10077 9913 9928 10165 9963 10077 10166 10301 10449 10671 10915 10994 11167 11300 11443 11526 11567 11569 11583 11577 11554 11482 11077 11049 11102 11290 11155 11092 11048 10940 10835 10700 10588 10516 10454 10396 10258 10056 9963 9823 9690 9679 9695 9677 9688 9816 9612 9323 9418 9255 9122 9167 9087 9008 9002 8882 8816 8770 8752 8756
9163 9469 9779 10102 10345 10595 10713 10841 10742 10133 9964 9979 10107 9994 10009 10179 10366 10475 10667 10873 10968 11148 11268 11542 11552 11569 11566 11572 11561 11543 11473 11050 11009 11114 11228 11208 11167 11194 10986 11026 10588 10400 10427 10318 10289 10226 10126 10019 9849 9854 9673 9608 9633 9607 9753 9550 9317 9379 9255 9189 9146 9311 9082 9048 8878 8810 8777 8740 8743
9078 9408 9749 10102 10390 10667 10802 10912 10826 10194 9998 10171 10072 9953 10052 10164 10346 10475 10656 10844 11037 11243 11283 11527 11537 11553 11553 11570 11552 11547 11452 11078 11025 11111 11131 11155 11112 11119 11022 11095 10882 10461 10290 10216 10158 10154 10061 9925 9824 9867 9741 9644 9540 9557 9674 9747 9524 9481 9375 9286 9118 9187 9033 8889 8793 8796 8750 8728 8730
8988 9346 9718 10119 10470 10734 10888 10925 10922 10308 10027 10186 10065 9918 9997 10117 10281 10439 10620 10815 11017 11217 11296 11525 11547 11531 11522 11553 11547 11566 11412 11037 11055 11071 11052 11018 10986 10967 10862 10899 10780 10477 10139 10107 9957 10003 9973 9810 9782 9835 9787 9668 9552 9560 9616 9822 9645 9580 9389 9209 9070 9121 9050 8914 8765 8794 8747 8720 8717
8890 9278 9686 10120 10453 10749 10823 10840 10966 10506 10163 10279 10093 9907 9962 10063 10253 10376 10563 10773 10989 11181 11373 11502 11596 11489 11485 11526 11548 11594 11362 11067 11040 11030 10935 10867 10862 10772 10717 10641 10554 10275 10232 9971 9939 10071 10051 9908 9804 9765 9703 9629 9581 9594 9643 9569 9555 9554 9406 9291 9078 9070 9007 9020 8827 8807 8749 8713 8702
8779 9190 9602 10021 10347 10663 10788 10893 10980 10710 10411 10388 10146 9921 9936 10018 10158 10302 10502 10715 10914 11086 11264 11381 11383 11379 11455 11506 11532 11572 11425 11107 11059 10994 10864 10771 10812 10868 10573 10447 10406 10286 10107 9994 9905 9986 9964 9814 9716 9738 9654 9622 9668 9625 9494 9300 9321 9418 9321 9350 9143 9000 9052 9039 8928 8831 8753 8713 8697
8664 9087 9511 9911 10288 10571 10810 10957 11011 10906 10905 10544 10210 9948 9935 10005 10052 10220 10439 10633 10791 10924 11101 11104 11165 11432 11416 11455 11455 11594 11459 11109 11129 11063 10935 10769 10767 10899 10790 10437 10526 10356 10148 10020 9943 9964 9982 10076 10062 9804 9640 9667 9777 9706 9374 9291 9317 9368 9272 9292 9122 8916 8904 9092 9204 8871 8765 8717 8700
8530 8966 9405 9825 10255 10530 10812 10979 11008 11014 11074 10741 10295 9977 9952 9965 9969 10112 10365 10524 10622 10724 10871 10895 11002 11268 11315 11401 11498 11619 11528 11314 11237 11106 10995 10852 10768 10947 10914 10526 10484 10242 10215 10130 10151 9944 9984 10193 10054 9977 9828 9705 9724 9685 9495 9477 9341 9340 9235 9276 9186 8997 8892 8952 9011 8878 8778 8723 8708
8353 8810 9268 9679 10050 10387 10698 10853 10881 11151 11047 10806 10351 10003 9994 9942 9871 9974 10201 10386 10425 10503 10626 10689 10845 11107 11354 11425 11491 11622 11557 11573 11385 11049 10906 10848 10767 10949 10988 10852 10637 10318 10316 10267 10238 10193 10230 10141 10160 10042 9915 9725 9733 9726 9675 9339 9219 9098 9136 9192 9158 9011 8965 8984 8905 8925 8827 8730 8709
8157 8630 9073 9456 9898 10296 10538 10674 10786 11078 10986 10684 10271 10011 9988 9922 9788 9814 9981 10156 10216 10303 10367 10536 10755 10972 11286 11386 11532 11606 11586 11712 11595 11077 10804 10726 10711 10845 10837 11059 10776 10471 10405 10401 10487 10364 10301 10149 10179 10066 9992 9767 9717 9736 9649 9341 9170 9180 9004 9059 9045 9004 8895 8891 8833 8840 8772 8715 8691
7940 8408 8856 9337 9773 10152 10338 10481 10849 11017 10877 10605 10207 10000 9972 9915 9741 9640 9772 9900 10033 10095 10280 10490 10708 10963 11128 11285 11422 11523 11613 11656 11655 11296 10823 10706 10655 10675 10798 10931 10953 10821 10531 10452 10504 10297 10254 10132 10106 10048 10022 9756 9763 9586 9801 9529 9276 9187 9135 9062 8965 8947 8965 8922 8874 8837 8803 8690 8652
7707 8180 8655 9086 9527 9868 10086 10272 10653 10780 10718 10455 10076 9911 9913 9909 9668 9488 9511 9653 9874 10039 10244 10470 10687 10875 11032 11183 11336 11465 11520 11542 11585 11515 11049 10901 10696 10740 10841 11024 10731 10599 10774 10409 10292 10210 10175 10046 10020 9993 9917 9867 9804 9766 9888 9826 9639 9486 9228 9027 9046 9034 9268 9083 8847 8825 8742 8684 8638
7472 7941 8400 8811 9187 9506 9735 10190 10477 10451 10420 10112 9920 9787 9788 9875 9594 9407 9386 9537 9731 10021 10196 10405 10609 10745 10884 11074 11245 11312 11359 11421 11509 11573 11316 11273 10776 10562 10858 10874 10649 10508 10462 10349 10222 10109 10067 10011 10007 9986 9818 9890 9850 9713 9658 9792 9833 9608 9397 9247 9097 9075 9249 9301 9006 8851 8752 8735 8650
7222 7685 8137 8543 8901 9262 9527 9976 10170 10202 10140 9907 9785 9662 9710 9774 9625 9364 9271 9399 9601 9866 10164 10324 10484 10613 10763 10987 11096 11155 11273 11400 11537 11509 11392 11440 10877 10503 10716 10717 10610 10350 10315 10231 10104 9994 9925 10034 10000 9936 9784 9896 9855 9660 9576 9769 9803 9607 9432 9462 9205 9204 9198 9309 9110 8867 8766 8716 8693
7045 7512 7966 8360 8691 9243 9590 9821 9774 9891 9877 9722 9635 9611 9631 9751 9747 9377 9204 9306 9498 9691 9953 10193 10394 10550 10710 10958 10980 11078 11264 11437 11551 11509 11376 11332 10750 10408 10494 10519 10370 10249 10140 10209 10047 9925 9769 9745 9743 9794 9686 9732 9731 9617 9524 9664 9684 9619 9265 9267 9115 9115 9322 9035 8952 8858 8773 8727 8710
6916 7382 7856 8236 8755 9181 9329 9438 9435 9473 9436 9393 9477 9581 9548 9671 9744 9428 9212 9259 9403 9679 9859 10070 10369 10556 10724 10715 10817 10985 11173 11333 11437 11397 11224 11180 10572 10014 10223 10239 10119 9887 9866 10018 10024 9958 9751 9597 9582 9602 9562 9647 9710 9617 9505 9469 9566 9473 9276 9312 9034 8959 9143 8928 8774 8787 8765 8725 8702
6853 7351 7892 8284 8675 9003 9113 9237 9311 9252 9249 9291 9401 9486 9500 9656 9695 9513 9336 9281 9339 9550 9709 9936 10135 10298 10438 10573 10730 10884 11048 11184 11251 11193 11031 11028 10410 9752 9658 9785 9733 9088 9062 9835 9818 9758 9549 9419 9396 9401 9442 9526 9547 9523 9505 9326 9354 9172 9189 9305 9100 8847 8982 8926 8677 8740 8743 8727 8659
6769 7266 7799 8159 8519 8713 8788 8880 8951 8993 9131 9239 9380 9385 9427 9520 9530 9570 9509 9379 9342 9490 9612 9811 10026 10225 10413 10564 10719 10854 10990 11108 11126 11072 10928 10929 10228 9030 8259 8682 8855 8764 9540 9703 9600 9466 9277 9260 9238 9191 9345 9395 9451 9578 9546 9329 9117 9079 9159 9227 9017 8842 9008 8907 8653 8717 8724 8674 8626
6676 7158 7664 7990 8320 8483 8633 8677 8802 8898 8983 9097 9242 9252 9379 9400 9425 9525 9605 9489 9313 9452 9518 9708 9952 10198 10422 10592 10776 10889 10978 11038 11001 10952 10791 10803 10195 9054 8107 8426 8497 8527 9467 9406 9348 9240 9139 9138 9143 9108 9263 9217 9442 9379 9408 9312 9180 9132 9174 9217 8981 8818 9031 8997 8742 8696 8705 8588 8540
6581 7074 7493 7779 8078 8244 8358 8450 8567 8699 8839 8987 9110 9194 9249 9331 9418 9629 9667 9496 9287 9324 9421 9673 9944 10185 10379 10520 10676 10791 10862 10879 10798 10735 10635 10651 10305 9130 7657 8392 8539 9304 9340 9228 9127 9018 9042 9061 9070 9052 9161 9211 9404 9269 9405 9415 9380 9177 9155 9179 8952 8833 9037 9275 8846 8682 8596 8487 8420
6439 6892 7274 7536 7823 7982 8038 8214 8370 8523 8667 8816 8948 9070 9199 9330 9367 9494 9525 9300 9156 9126 9361 9686 9976 10180 10312 10421 10549 10661 10689 10629 10538 10507 10492 10463 10337 9772 8928 7888 8387 9262 9085 9139 9046 8954 8979 8992 8962 9046 9056 9233 9273 9398 9337 9502 9475 9238 9135 9100 8991 8787 8908 9313 8873 8736 8529 8397 8307
6271 6634 7020 7286 7537 7672 7804 8015 8170 8331 8515 8724 8888 9031 9166 9221 9319 9319 9233 8926 8992 9084 9306 9628 9806 9969 10120 10312 10433 10425 10379 10339 10341 10347 10341 10273 10218 10295 9833 9466 9505 9307 8964 8915 8869 8909 8935 8966 9000 8991 9101 9104 9120 9387 9200 9293 9201 9140 9097 9029 8921 8755 8882 8940 8686 8674 8433 8306 8200
6048 6377 6724 6971 7236 7478 7637 7762 7921 8145 8375 8633 8729 8814 8953 8971 9068 8952 8846 8233 8736 8886 9118 9449 9119 9505 9853 10134 10225 10201 10191 10189 10174 10133 10083 10032 10006 10015 9849 9672 9559 9214 8986 8896 8850 8857 8904 8935 8976 9015 9055 9115 9191 9284 9355 9471 9158 9105 9028 9036 9073 8833 8882 8758 8601 8622 8397 8228 8105
5944 6288 6556 6752 6870 7039 7126 7380 7641 7929 8176 8491 8583 8673 8695 8702 8735 8527 8452 8149 8088 8032 8750 9163 9365 8937 9389 9708 9835 9876 9893 9883 9859 9833 9844 9843 9852 9899 9847 9674 9466 9097 8998 8898 8852 8853 8863 8912 8920 8881 8935 8995 9074 9184 9353 9542 9347 9094 8974 8943 9119 8872 8815 8785 8557 8550 8363 8169 8023
5913 6233 6442 6569 6509 6244 6707 7138 7287 7668 7888 8031 8208 8337 8375 8487 7995 7750 7836 7906 7918 7981 8016 8680 9069 9180 9302 9460 9595 9670 9707 9699 9691 9689 9728 9757 9819 9887 9807 9573 9327 9170 9056 8939 8889 8859 8872 8883 8898 8876 8926 8981 9002 9133 9267 9172 9263 9117 9032 8945 9100 8896 8722 8786 8540 8425 8273 8055 7958
5995 6251 6420 6511 6445 6208 6730 7024 7170 7515 7670 7878 8016 8111 8204 8061 8075 7724 7704 7716 8261 8644 8783 8904 9039 9174 9220 9316 9430 9506 9554 9559 9553 9565 9622 9735 9883 9962 9632 9413 9268 9098 9001 8923 8862 8878 8837 8851 8893 8931 8963 8898 8992 9114 9196 9121 9200 8926 8957 8938 9037 9197 8680 8597 8398 8358 8091 7977 7907
6035 6283 6439 6355 6324 6152 6689 6935 7033 7335 7575 7768 7903 8034 7953 7927 7995 7741 8037 8235 8507 8825 9083 9210 9228 9199 9184 9268 9334 9376 9399 9416 9424 9475 9576 9744 9855 9968 9674 9367 9302 9053 9081 8971 8890 8869 8818 8831 8888 8887 8934 8891 8964 9027 9069 9111 9134 9109 8868 8799 8787 9241 8743 8469 8341 8135 8011 7929 7876
6052 6326 6490 6552 6437 6341 6310 6185 6615 7025 7351 7711 7854 7987 7867 7868 7661 7397 7766 8141 8582 8994 9234 9331 9398 9387 9286 9247 9277 9310 9317 9319 9330 9387 9481 9616 9721 9825 9807 9473 9196 9057 9068 8925 8878 8842 8820 8855 8956 8839 8881 8928 8925 8884 8926 9101 9086 9238 8949 8760 8687 8832 8583 8338 8199 8055 7959 7896 7859
6060 6351 6547 6640 6503 6458 6348 6788 7087 7375 7569 7704 7811 7811 7788 7939 7580 7749 7968 8321 8729 9017 9163 9260 9331 9419 9471 9325 9262 9274 9270 9261 9276 9333 9434 9557 9688 9813 9803 9483 9193 9136 9020 9021 8934 8881 8832 8802 8720 8714 8709 8751 8861 8790 8734 8901 8996 9166 9069 8877 8581 8634 8452 8316 8014 7994 7926 7876 7855
6094 6391 6616 6743 6518 6845 7113 7335 7524 7753 7828 7900 7933 7805 7736 7893 7867 7958 8306 8579 8838 9020 9164 9278 9411 9481 9540 9494 9317 9262 9252 9244 9264 9324 9424 9560 9679 9844 9763 9388 9266 9146 9016 8953 8787 8834 8788 8790 8759 8725 8660 8717 8808 8737 8798 8763 8648 8704 8689 8512 8364 8313 8165 7947 7993 7934 7885 7856 7845
6158 6436 6677 6812 6591 6922 7222 7472 7692 7904 8324 8062 8106 7872 7719 7854 7922 8146 8499 8786 8997 9161 9282 9383 9456 9519 9543 9622 9462 9278 9237 9233 9265 9329 9443 9573 9717 9867 9739 9537 9452 9279 9048 8880 8786 8804 8782 8790 8757 8742 8730 8713 8683 8619 8637 8571 8455 8472 8496 8333 8239 8246 7989 7994 8140 7920 7842 7832 7815
6268 6478 6704 6871 7087 7295 7512 7635 7785 8030 8426 8230 8266 8087 7961 8048 8119 8356 8627 8824 8977 9116 9252 9348 9422 9515 9552 9644 9580 9353 9280 9275 9323 9388 9502 9627 9785 9859 9820 9658 9428 9174 8949 8771 8667 8629 8713 8717 8690 8677 8669 8645 8600 8466 8419 8404 8457 8410 8621 8299 8223 8146 7890 7850 7960 7901 7837 7795 7756
6337 6540 6725 6916 7126 7285 7489 7678 7985 8164 8249 8461 8324 8120 8201 8366 8399 8555 8725 8895 9073 9233 9361 9443 9497 9578 9597 9666 9609 9365 9283 9292 9349 9427 9541 9666 9820 9795 9808 9650 9390 9170 8926 8733 8616 8554 8543 8634 8589 8578 8580 8592 8659 8600 8444 8538 8420 8460 8568 8223 8113 7942 7791 7808 7836 7782 7773 7716 7708
6384 6557 6741 6938 7134 7315 7519 7743 8000 8183 8318 8419 8530 8469 8500 8612 8631 8726 8845 8969 9096 9221 9320 9407 9499 9566 9611 9641 9641 9583 9523 9523 9555 9615 9683 9745 9789 9772 9681 9508 9308 9100 8886 8729 8615 8561 8574 8558 8500 8502 8551 8541 8533 8542 8507 8438 8380 8293 8228 8105 8023 7835 7779 7792 7768 7743 7676 7657 7655
6402 6551 6722 6921 7122 7322 7550 7788 8041 8271 8472 8639 8785 8858 8866 8902 8877 8905 8991 9072 9158 9246 9328 9414 9515 9592 9647 9679 9701 9708 9702 9725 9767 9835 9879 9895 9887 9807 9650 9427 9202 8977 8761 8604 8499 8454 8438 8460 8488 8518 8543 8504 8500 8472 8421 8381 8319 8211 8114 7992 7896 7776 7709 7644 7612 7570 7599 7600 7606
6445 6582 6742 6966 7175 7382 7608 7846 8061 8320 8545 8747 8943 9051 9068 9051 9008 9016 9083 9138 9223 9267 9339 9424 9528 9612 9677 9718 9755 9787 9804 9841 9890 9956 9986 9977 9936 9815 9628 9377 9137 8905 8687 8526 8420 8373 8360 8397 8460 8497 8512 8443 8425 8395 8352 8328 8247 8152 8048 7952 7810 7703 7608 7499 7469 7472 7536 7552 7555
6521 6689 6876 7090 7294 7498 7700 7908 8097 8328 8542 8744 8945 9057 9040 9021 9001 9027 9126 9197 9264 9295 9352 9432 9541 9625 9693 9749 9799 9848 9872 9906 9939 9993 10007 9977 9926 9792 9600 9342 9102 8873 8664 8494 8381 8329 8301 8344 8426 8474 8467 8374 8328 8297 8294 8279 8208 8114 7999 7870 7723 7599 7517 7440 7392 7402 7482 7499 7508
