---
Cu Potential [ft] Valid 1200 PST ~Z75~(2000Z)~Z~ FRI 19 May 2017 ~Z75~[20hrFcst@1453z]~Z~
Model= RASP Region= PANOCHE Grid= w2 Reskm= 1.3 Indexs= 1 69 1 63 Proj= lambert 1333 1333 40.0000 40.0000 -73.0000 36.8890 -121.0672
Day= 2017 5 19 FRI ValidLST= 1200 PST ValidZ= 2000 Fcst= 20.0 Init= 12 Param= zsfclcldif Unit= ft Mult= 1 Min= -8016 Max= -1717
-4871 -4802 -4810 -4657 -4384 -4030 -3661 -3416 -3277 -3062 -2908 -2834 -2759 -2731 -2741 -2689 -2709 -2752 -2777 -2814 -2841 -2856 -2861 -2872 -2872 -2911 -2946 -2984 -3004 -2914 -2972 -3016 -3046 -3046 -3142 -3277 -3502 -3624 -3678 -3577 -3616 -3531 -3585 -3559 -3715 -3912 -4151 -4354 -4518 -4568 -4652 -4612 -4692 -4659 -4482 -4541 -4556 -4680 -4766 -4882 -4841 -4884 -4837 -4700 -4589 -4393 -4221 -4234 -4143
-4981 -4985 -4836 -4587 -4282 -3905 -3524 -3280 -3142 -2972 -2783 -2696 -2671 -2656 -2670 -2667 -2694 -2753 -2830 -2899 -2935 -2923 -2930 -2939 -2966 -2995 -3027 -3095 -3149 -2978 -2995 -2999 -3040 -3082 -3151 -3254 -3442 -3591 -3575 -3574 -3528 -3483 -3524 -3529 -3643 -3848 -3951 -4300 -4497 -4656 -4735 -4768 -4662 -4658 -4554 -4521 -4610 -4776 -4852 -4880 -4859 -4854 -4797 -4646 -4542 -4395 -4228 -4029 -4026
-4877 -4686 -4651 -4486 -4163 -3785 -3388 -3110 -2908 -2770 -2666 -2611 -2592 -2603 -2616 -2675 -2739 -2824 -2938 -3017 -3058 -3049 -3045 -3041 -3057 -3101 -3172 -3236 -3185 -3096 -3044 -3036 -3057 -3100 -3116 -3199 -3321 -3446 -3561 -3558 -3512 -3493 -3492 -3517 -3609 -3808 -4047 -4256 -4566 -4649 -4730 -4695 -4677 -4754 -4657 -4540 -4587 -4733 -4845 -4818 -4846 -4814 -4758 -4555 -4493 -4373 -4179 -4133 -4141
-4928 -4752 -4732 -4349 -4087 -3716 -3301 -2976 -2786 -2655 -2581 -2553 -2566 -2564 -2600 -2697 -2781 -2928 -3132 -3241 -3265 -3198 -3118 -3090 -3124 -3193 -3332 -3386 -3269 -3122 -3138 -3149 -3035 -3041 -2986 -3060 -3167 -3417 -3538 -3597 -3575 -3585 -3551 -3605 -3660 -3846 -4053 -4200 -4517 -4598 -4696 -4649 -4697 -4718 -4876 -4884 -4734 -4905 -4841 -4831 -4798 -4739 -4752 -4617 -4468 -4384 -4312 -4229 -4143
-4927 -4922 -4686 -4302 -4094 -3692 -3228 -2854 -2677 -2564 -2484 -2585 -2610 -2533 -2553 -2583 -2641 -3009 -3439 -3498 -3418 -3295 -3102 -3118 -3098 -3265 -3561 -3559 -3354 -3220 -3322 -3374 -2919 -2935 -2716 -2873 -3003 -3390 -3634 -3698 -3726 -3675 -3678 -3765 -3785 -3952 -4129 -4212 -4500 -4388 -4463 -4853 -4890 -4807 -4912 -5055 -4649 -5092 -5029 -4878 -4836 -4639 -4804 -4581 -4459 -4395 -4303 -4222 -4202
-5023 -4760 -4511 -4201 -3948 -3519 -3085 -2775 -2572 -2441 -2364 -2389 -2379 -2444 -2483 -2550 -3004 -3575 -3659 -3526 -3441 -3276 -3168 -3218 -3202 -3394 -3449 -3412 -3240 -3250 -3321 -3360 -3003 -2977 -2814 -3018 -3130 -3328 -3485 -3595 -3734 -3712 -3645 -3747 -3821 -3968 -4190 -4448 -4490 -4789 -4783 -4634 -4928 -4853 -4842 -5046 -5010 -5086 -4778 -4660 -4880 -4627 -4610 -4792 -4464 -4448 -4374 -4330 -4398
-4937 -4707 -4388 -4078 -3811 -3430 -3003 -2746 -2493 -2343 -2248 -2171 -2212 -2357 -2383 -2947 -3660 -3766 -3758 -3582 -3415 -3275 -3376 -3364 -3306 -3424 -3469 -3409 -3346 -3443 -3468 -3316 -2878 -2868 -2733 -2762 -2929 -3388 -3493 -3587 -3660 -3682 -3672 -3656 -3805 -3975 -4100 -4329 -4519 -4660 -4714 -4871 -4889 -5021 -4877 -5023 -4849 -5083 -4645 -4692 -4784 -4504 -4342 -4556 -4657 -4548 -4560 -4538 -4462
-5018 -4630 -4290 -3947 -3655 -3292 -2882 -2578 -2405 -2224 -2226 -1996 -2176 -2288 -2730 -3606 -3823 -3929 -3839 -3543 -3386 -3462 -3693 -3505 -3375 -3447 -3470 -3488 -3512 -3517 -3380 -3224 -2803 -2706 -2784 -2772 -2947 -3345 -3467 -3562 -3626 -3642 -3747 -3663 -3736 -3976 -4115 -4369 -4594 -4707 -4644 -4598 -4721 -5021 -4992 -5060 -4914 -5025 -4563 -4526 -4888 -4520 -4676 -4714 -4584 -4628 -4572 -4568 -4590
-4995 -4581 -4213 -3834 -3505 -3081 -2745 -2473 -2367 -2215 -2079 -1952 -2136 -2485 -3439 -3794 -4043 -4088 -3768 -3456 -3611 -3833 -3804 -3601 -3537 -3601 -3586 -3641 -3623 -3511 -3310 -3122 -2694 -2571 -2795 -2764 -2938 -3353 -3471 -3532 -3555 -3610 -3706 -3710 -3676 -3890 -4184 -4305 -4420 -4663 -4922 -4705 -4806 -4910 -5189 -5197 -4807 -4965 -4615 -4816 -4626 -4517 -4707 -4846 -4752 -4644 -4571 -4572 -4542
-4961 -4621 -4165 -3756 -3397 -2977 -2679 -2460 -2272 -2074 -2012 -2071 -2318 -3131 -3682 -4007 -4197 -4072 -3581 -3613 -3913 -3955 -3822 -3627 -3581 -3599 -3730 -3702 -3599 -3427 -3193 -2987 -2616 -2572 -2958 -2814 -2971 -3273 -3456 -3458 -3501 -3565 -3656 -3533 -3586 -3849 -4301 -4342 -4379 -4589 -4545 -5014 -4814 -4838 -5212 -5236 -4863 -4823 -4904 -4851 -4456 -4740 -4804 -4833 -4649 -4618 -4537 -4482 -4526
-5034 -4689 -4173 -3723 -3374 -2947 -2693 -2434 -2130 -1890 -1868 -2095 -2820 -3501 -3766 -4072 -4219 -3917 -3525 -3907 -4008 -3962 -3834 -3667 -3600 -3705 -3808 -3681 -3545 -3378 -3132 -2992 -2613 -2465 -3010 -3207 -3209 -3160 -3457 -3432 -3427 -3539 -3644 -3792 -3889 -3945 -4248 -4660 -4946 -4874 -4633 -4966 -5016 -4865 -4986 -5150 -4492 -4696 -4752 -4995 -4352 -4529 -5514 -4860 -4606 -4595 -4466 -4461 -4585
-5065 -4729 -4211 -3698 -3391 -3000 -2696 -2366 -2055 -1767 -1717 -2426 -3007 -3463 -3827 -4092 -4194 -3693 -3533 -3945 -4072 -4036 -3834 -3774 -3688 -3766 -3735 -3602 -3457 -3292 -3189 -3124 -3029 -2717 -3313 -3532 -3598 -3383 -3466 -3607 -3716 -3700 -3827 -4013 -4230 -4449 -4215 -4528 -4922 -5078 -4553 -4674 -5102 -4767 -5207 -5247 -4767 -4749 -4665 -4763 -4484 -4498 -4740 -4743 -4568 -4502 -4501 -4513 -4579
-5089 -4763 -4258 -3738 -3418 -3034 -2678 -2360 -2062 -1831 -2305 -2872 -3163 -3585 -3944 -4147 -4050 -3547 -3612 -4000 -4123 -4153 -3936 -3870 -3863 -3800 -3683 -3490 -3384 -3207 -3180 -3228 -3214 -2817 -3142 -3419 -3618 -3567 -3593 -3678 -3982 -4079 -4095 -4434 -4522 -4713 -4706 -5074 -5023 -5046 -4798 -4854 -5126 -5087 -5190 -5205 -4552 -4787 -4640 -4906 -5012 -4698 -5017 -4780 -4773 -4572 -4508 -4523 -4583
-5214 -4946 -4323 -3813 -3484 -3051 -2702 -2387 -2156 -1921 -2475 -2787 -3170 -3570 -3982 -4137 -3858 -3422 -3748 -4064 -4194 -4201 -4056 -3996 -3877 -3778 -3548 -3375 -3327 -3196 -3249 -3249 -3272 -2761 -2780 -3162 -3410 -3730 -3805 -3846 -4170 -4239 -4312 -4457 -4603 -4713 -4853 -4968 -5076 -5034 -4827 -4795 -5075 -5085 -5089 -5233 -4986 -4748 -4786 -4824 -4974 -4659 -4976 -4487 -4595 -4562 -4506 -4540 -4599
-5230 -4978 -4476 -3898 -3550 -3057 -2718 -2420 -2175 -1991 -2592 -2914 -3195 -3547 -3952 -4036 -3690 -3403 -3797 -4125 -4312 -4214 -4118 -3954 -3848 -3607 -3452 -3414 -3320 -3182 -3223 -3182 -3268 -2947 -2675 -2862 -3164 -3539 -3835 -3990 -3976 -4122 -4409 -4426 -4372 -4725 -4777 -4696 -4967 -4845 -5137 -4880 -5074 -4893 -5154 -5256 -5053 -4773 -5143 -4894 -5013 -4907 -4680 -4319 -4594 -4586 -4488 -4567 -4602
-5289 -5040 -4585 -3965 -3594 -3078 -2736 -2449 -2176 -2088 -2524 -2860 -3144 -3453 -3805 -3853 -3502 -3467 -3886 -4230 -4293 -4269 -4060 -3917 -3699 -3546 -3464 -3464 -3316 -3208 -3327 -3268 -3215 -2978 -2835 -2968 -2935 -3300 -3594 -3780 -3985 -4120 -4335 -4387 -4201 -4346 -4464 -4625 -4713 -4752 -4997 -4921 -5155 -5151 -5075 -5252 -5309 -5054 -5046 -4905 -4821 -4715 -4632 -4416 -4630 -4612 -4518 -4528 -4602
-5391 -5145 -4657 -4060 -3619 -3158 -2780 -2497 -2257 -2039 -2453 -2741 -3192 -3409 -3754 -3780 -3426 -3660 -4040 -4252 -4258 -4302 -3997 -3780 -3661 -3534 -3502 -3512 -3390 -3387 -3415 -3254 -3111 -2858 -2964 -3266 -2921 -2907 -3210 -3506 -3694 -3854 -4122 -4324 -4255 -4280 -4467 -4600 -4702 -4792 -4920 -4913 -4979 -5017 -4985 -5112 -5094 -4913 -5164 -5006 -4834 -4816 -4844 -4526 -4664 -4656 -4643 -4606 -4616
-5423 -5187 -4767 -4163 -3723 -3251 -2857 -2569 -2300 -2002 -2519 -2686 -3019 -3461 -3568 -3673 -3355 -3691 -4009 -4227 -4243 -4179 -4004 -3798 -3654 -3559 -3517 -3573 -3523 -3534 -3351 -3133 -3016 -2825 -3050 -3272 -3162 -2786 -2962 -3347 -3606 -3730 -3876 -4184 -4394 -4238 -4398 -4469 -4618 -4952 -4949 -5015 -4937 -5148 -5237 -5121 -5161 -5120 -4959 -5038 -4871 -5090 -4793 -4767 -4883 -4737 -4663 -4628 -4630
-5447 -5226 -4822 -4220 -3836 -3343 -2925 -2667 -2290 -1931 -2383 -2604 -3003 -3317 -3497 -3558 -3318 -3605 -3997 -4231 -4258 -4145 -3915 -3765 -3677 -3659 -3680 -3669 -3595 -3520 -3231 -3128 -3013 -2810 -3132 -3230 -3046 -3045 -3071 -3436 -3789 -4209 -4113 -4162 -4382 -4366 -4555 -4564 -4605 -4876 -4818 -4911 -4868 -5142 -5289 -5124 -5094 -5192 -4943 -5087 -5009 -5221 -5029 -4931 -4907 -4761 -4689 -4668 -4595
-5494 -5297 -4884 -4318 -3894 -3476 -3065 -2764 -2388 -1936 -2428 -2590 -2957 -3239 -3460 -3381 -3250 -3583 -3976 -4227 -4286 -4167 -3938 -3708 -3771 -3811 -3851 -3731 -3615 -3438 -3147 -3193 -3001 -2970 -3200 -3119 -2891 -3086 -3245 -3311 -3653 -4256 -4195 -4148 -4020 -4186 -4484 -4734 -4789 -4924 -4804 -5044 -4973 -5203 -5331 -5238 -5067 -5141 -4945 -5004 -5077 -5267 -4955 -4880 -4818 -4777 -4719 -4712 -4729
-5516 -5344 -4997 -4441 -4011 -3631 -3213 -2908 -2505 -1909 -2297 -2522 -2904 -3190 -3332 -3256 -3197 -3582 -3966 -4240 -4317 -4093 -3858 -3806 -3837 -3934 -3926 -3769 -3677 -3343 -3141 -3282 -3002 -3043 -3205 -2911 -2884 -3236 -3333 -3476 -3750 -4304 -4055 -4115 -4239 -4067 -4283 -4649 -4897 -4956 -5008 -4939 -5193 -5172 -5334 -5309 -4965 -5172 -4938 -4892 -5030 -5257 -4934 -4938 -4543 -4750 -4740 -4741 -4753
-5550 -5413 -5089 -4531 -4112 -3781 -3353 -3066 -2552 -1970 -2206 -2553 -2976 -3093 -3182 -3150 -3198 -3591 -3982 -4239 -4202 -4012 -3904 -4024 -3985 -3972 -3871 -3745 -3624 -3356 -3281 -3254 -2841 -3060 -3052 -2762 -2896 -3176 -3428 -3509 -3785 -4134 -4254 -4146 -4371 -4338 -4194 -4491 -4976 -5147 -4933 -4925 -5064 -5036 -5295 -5305 -5126 -5165 -4932 -4876 -4966 -5183 -4784 -4724 -4583 -4761 -4691 -4743 -4748
-5561 -5446 -5140 -4621 -4246 -3855 -3448 -3181 -2547 -2084 -2292 -2630 -2995 -3168 -3145 -3129 -3250 -3634 -4002 -4163 -4096 -3946 -3972 -4088 -4100 -4029 -3865 -3721 -3547 -3449 -3386 -3154 -2751 -3049 -2853 -2766 -3006 -3211 -3466 -3550 -3939 -4366 -4588 -4236 -4331 -4453 -4457 -4368 -4800 -5075 -5157 -4941 -5231 -5131 -5175 -5127 -5157 -5130 -4911 -4838 -4951 -5080 -4840 -4878 -4967 -4819 -4756 -4742 -4746
-5476 -5450 -5173 -4709 -4310 -3959 -3535 -3276 -2587 -2171 -2413 -2621 -3255 -3340 -3238 -3180 -3347 -3691 -4004 -4075 -4014 -4101 -4137 -4204 -4171 -4056 -3858 -3751 -3577 -3504 -3394 -2962 -2728 -3112 -2816 -2929 -3113 -3326 -3568 -3656 -3804 -4273 -4549 -4366 -4345 -4453 -4610 -4540 -4547 -4907 -5179 -4942 -5238 -5284 -5360 -5153 -5191 -5082 -4906 -4771 -4773 -4871 -4848 -5058 -4902 -4804 -4743 -4723 -4727
-5573 -5450 -5149 -4733 -4375 -4088 -3625 -3413 -2722 -2262 -2520 -2612 -3294 -3430 -3342 -3319 -3522 -3796 -4010 -3977 -4012 -4194 -4276 -4329 -4350 -4217 -3929 -3761 -3543 -3430 -3283 -2833 -2817 -3118 -2828 -3048 -3369 -3406 -3657 -3828 -3989 -4033 -4398 -4401 -4427 -4531 -4664 -4669 -4682 -4918 -5115 -4993 -5263 -5279 -5415 -5280 -5240 -5216 -4968 -4999 -4843 -4899 -4971 -4811 -4671 -4749 -4716 -4707 -4712
-5554 -5472 -5118 -4697 -4390 -4193 -3749 -3519 -2949 -2468 -2774 -2767 -3264 -3493 -3615 -3474 -3742 -3892 -4046 -3974 -4080 -4252 -4458 -4537 -4435 -4262 -4022 -3820 -3569 -3436 -3174 -2742 -2877 -2930 -2955 -3071 -3478 -3577 -3788 -3995 -4102 -4244 -4538 -4709 -4634 -4688 -4818 -4740 -4729 -4955 -5168 -5211 -5294 -5265 -5290 -5197 -5072 -5152 -4820 -4911 -4909 -4942 -4733 -4791 -4759 -4729 -4695 -4689 -4694
-5490 -5419 -5163 -4674 -4376 -4241 -3865 -3657 -3095 -2717 -2807 -2898 -3222 -3497 -3531 -3562 -3906 -3971 -4065 -4011 -4369 -4469 -4499 -4639 -4481 -4286 -4107 -3888 -3648 -3457 -3162 -2761 -2910 -2822 -3045 -3027 -3505 -3754 -3923 -4073 -4133 -4425 -4878 -5014 -5056 -4850 -4833 -4851 -4761 -4904 -5253 -5255 -5329 -5433 -5510 -4967 -5034 -5109 -4792 -4822 -4833 -4713 -4605 -4914 -4765 -4715 -4681 -4675 -4676
-5365 -5302 -5144 -4679 -4389 -4311 -3989 -3793 -3234 -2753 -2885 -2935 -3204 -3459 -3682 -3636 -3932 -4057 -4112 -4153 -4416 -4559 -4576 -4649 -4612 -4371 -4128 -3950 -3710 -3522 -3219 -2780 -2973 -2946 -3114 -3133 -3490 -4070 -4130 -4334 -4177 -4449 -4799 -4961 -5066 -4794 -4936 -5052 -4850 -4764 -5143 -5191 -5283 -5367 -5457 -5058 -4983 -5041 -4753 -4911 -4925 -4854 -4910 -4958 -4742 -4707 -4637 -4665 -4673
-5232 -5176 -5074 -4696 -4449 -4405 -4114 -3909 -3418 -2888 -3180 -3055 -3358 -3597 -3702 -3750 -3983 -4162 -4194 -4345 -4629 -4739 -4774 -4663 -4631 -4445 -4269 -4044 -3727 -3566 -3220 -2768 -3043 -3098 -3168 -3271 -3494 -4016 -4414 -4315 -4253 -4274 -4717 -4868 -4976 -4805 -4759 -4884 -4913 -4778 -5119 -5146 -5176 -5322 -5440 -5261 -5072 -5134 -4917 -4950 -4765 -5100 -4791 -4799 -4701 -4697 -4662 -4655 -4663
-5093 -5054 -5001 -4646 -4458 -4488 -4236 -4046 -3662 -3072 -3382 -3202 -3489 -3781 -3919 -3915 -4163 -4247 -4295 -4539 -4792 -4879 -4913 -4754 -4728 -4567 -4373 -4043 -3679 -3547 -3201 -2786 -3013 -3165 -3236 -3268 -3524 -3939 -4371 -4435 -4266 -4385 -4513 -4793 -4638 -4658 -4656 -4601 -4870 -4812 -5085 -5224 -5142 -5332 -5464 -5346 -5169 -5245 -4961 -5003 -4832 -4989 -4653 -4758 -4613 -4691 -4660 -4647 -4653
-4956 -4954 -4898 -4558 -4525 -4537 -4429 -4337 -3975 -3416 -3551 -3390 -3580 -3897 -4003 -4017 -4212 -4282 -4441 -4767 -5062 -5035 -4954 -4808 -4765 -4568 -4308 -3992 -3648 -3489 -3126 -2924 -3052 -3206 -3177 -3261 -3595 -3786 -4289 -4518 -4183 -4315 -4696 -4603 -4688 -4720 -4773 -4635 -4839 -4962 -5138 -5279 -5210 -5379 -5482 -5249 -5231 -5409 -5163 -5050 -4853 -5034 -4894 -4930 -4672 -4691 -4663 -4641 -4640
-4849 -4868 -4859 -4712 -4551 -4483 -4565 -4202 -4173 -3679 -3643 -3708 -3733 -4008 -4056 -4109 -4265 -4465 -4635 -4963 -5161 -5004 -4938 -4785 -4706 -4584 -4338 -3987 -3690 -3625 -3207 -3012 -3171 -3272 -3249 -3292 -3697 -4096 -4062 -4322 -4474 -4459 -4515 -4666 -4771 -4871 -4969 -4876 -4915 -4990 -5139 -5321 -5305 -5326 -5266 -5045 -5179 -5284 -5101 -5249 -4949 -4957 -4594 -4889 -4610 -4678 -4663 -4642 -4637
-4805 -4829 -4804 -4756 -4692 -4574 -4510 -4218 -4192 -3807 -3647 -3816 -4032 -4123 -4130 -4172 -4377 -4551 -4744 -5018 -5104 -5123 -4906 -4595 -4569 -4534 -4354 -4016 -3787 -3639 -3306 -2999 -3308 -3408 -3354 -3319 -3797 -4249 -4353 -4261 -4459 -4482 -4597 -4700 -4858 -5071 -5197 -5060 -5095 -4915 -5108 -5309 -5380 -5275 -5028 -5037 -5101 -5211 -4977 -5128 -4828 -4876 -4870 -5071 -4744 -4708 -4672 -4647 -4641
-4736 -4778 -4783 -4746 -4841 -4747 -4677 -4427 -4264 -3988 -3954 -4099 -4261 -4242 -4233 -4190 -4405 -4550 -4761 -5012 -5063 -4999 -4724 -4535 -4475 -4430 -4376 -4095 -3771 -3653 -3384 -2953 -3239 -3525 -3451 -3450 -3771 -4426 -4500 -4175 -4449 -4497 -4611 -4728 -5013 -4764 -4958 -5293 -5002 -4967 -4963 -5257 -5310 -5199 -4996 -5117 -5105 -5026 -4962 -5148 -4820 -4907 -4767 -4884 -4948 -4771 -4685 -4653 -4650
-4616 -4739 -4733 -4753 -4838 -4845 -4707 -4595 -4440 -4358 -4464 -4420 -4436 -4384 -4366 -4270 -4406 -4541 -4716 -4927 -4933 -4851 -4644 -4546 -4428 -4258 -4397 -4208 -3997 -3720 -3429 -3118 -3206 -3597 -3595 -3659 -3710 -4453 -4631 -4175 -4343 -4353 -4565 -4670 -4768 -4815 -4877 -5024 -5055 -4989 -4998 -5195 -5302 -5218 -4953 -4984 -4945 -4829 -4932 -5100 -4816 -4894 -4910 -4942 -4884 -4682 -4596 -4654 -4653
-4525 -4636 -4775 -4880 -4937 -4965 -4926 -4814 -4619 -4694 -4643 -4822 -4582 -4454 -4537 -4452 -4398 -4478 -4648 -4753 -4795 -4770 -4667 -4653 -4296 -4352 -4493 -4393 -4097 -3765 -3474 -3631 -3641 -3667 -3740 -3778 -3866 -4291 -4422 -4436 -3903 -4065 -4326 -4578 -4711 -4681 -4929 -5123 -5085 -4819 -5018 -4941 -5250 -5029 -5038 -4840 -4844 -4685 -4674 -4868 -4831 -4920 -4700 -4721 -4671 -4703 -4653 -4634 -4538
-4455 -4583 -4790 -4678 -4937 -5047 -5172 -4908 -4822 -4825 -4998 -4943 -4655 -4538 -4666 -4589 -4425 -4395 -4473 -4551 -4715 -4729 -4705 -4681 -4628 -4749 -4553 -4280 -3984 -3691 -3724 -3971 -4159 -4019 -3850 -3730 -4015 -4076 -4332 -4080 -4132 -3995 -4169 -4258 -4784 -4528 -4764 -4876 -5079 -4890 -5073 -4998 -5284 -5008 -4997 -4848 -4716 -4720 -4498 -4730 -4613 -4775 -4785 -4779 -4791 -4667 -4613 -4597 -4608
-4409 -4537 -4634 -4726 -4921 -5095 -5082 -5077 -4978 -5041 -5047 -4915 -4758 -4675 -4744 -4699 -4448 -4309 -4314 -4428 -4619 -4733 -4825 -4924 -4890 -4794 -4286 -4092 -3973 -4002 -4311 -4303 -4469 -4388 -4009 -3706 -3946 -4080 -4249 -4279 -3880 -4009 -4397 -4117 -4463 -4471 -4734 -4708 -4975 -4844 -4973 -5023 -5238 -4871 -5135 -4594 -4580 -4375 -4454 -4686 -4554 -4740 -4725 -4641 -4521 -4605 -4555 -4561 -4594
-4340 -4494 -4608 -4694 -4935 -4990 -5096 -5166 -5191 -5302 -5098 -4898 -4816 -4732 -4897 -4812 -4594 -4252 -4205 -4347 -4586 -4792 -4976 -5008 -4900 -4623 -4326 -4205 -4299 -4414 -4589 -4499 -4521 -4524 -4013 -3932 -3898 -4154 -4385 -4243 -3941 -4045 -4314 -4200 -4461 -4414 -4642 -4636 -4951 -4882 -4771 -5168 -5034 -4965 -4912 -4777 -4951 -4527 -4410 -4466 -4801 -4824 -5082 -4875 -4606 -4548 -4505 -4524 -4572
-4244 -4430 -4545 -4656 -4879 -4991 -5134 -5225 -5260 -5238 -5086 -4949 -4885 -4908 -4945 -4926 -4663 -4254 -4171 -4311 -4587 -4796 -4945 -4995 -4872 -4757 -4688 -4596 -4706 -4686 -4593 -4456 -4433 -4251 -4169 -4473 -3981 -4183 -4350 -4209 -4287 -4210 -4287 -4242 -4436 -4379 -4629 -4815 -5008 -4968 -4728 -5040 -4846 -4977 -4783 -4970 -4925 -4536 -4787 -4720 -4725 -4856 -4881 -4468 -4260 -4542 -4488 -4494 -4494
-4191 -4390 -4530 -4650 -4852 -4993 -5179 -5198 -5222 -5098 -4999 -4967 -4928 -4949 -4930 -4979 -4712 -4306 -4160 -4301 -4575 -4739 -4879 -4990 -5019 -5016 -4945 -4854 -4885 -4771 -4585 -4347 -4190 -4250 -4668 -4532 -4019 -4404 -4286 -4260 -4258 -4578 -4528 -4437 -4456 -4361 -4516 -4593 -4684 -4908 -4685 -5010 -4851 -5041 -5026 -5195 -5070 -4701 -4779 -4933 -4928 -5061 -4976 -4754 -4867 -4604 -4494 -4443 -4469
-4184 -4382 -4547 -4669 -4857 -5052 -5217 -5212 -5133 -5034 -4934 -4833 -4851 -4911 -4895 -4948 -4788 -4399 -4230 -4355 -4565 -4758 -4874 -5049 -5111 -5120 -5071 -5037 -5078 -5000 -4975 -4552 -4581 -4674 -4602 -4462 -3979 -4466 -4336 -4345 -4503 -4760 -4862 -4404 -4587 -4627 -4619 -4604 -4646 -4883 -4635 -5041 -4955 -4775 -5053 -5122 -4917 -4886 -4844 -4974 -4746 -4864 -4796 -4658 -4762 -4598 -4480 -4429 -4396
-4195 -4415 -4567 -4715 -4914 -5050 -5118 -5048 -4962 -4996 -4930 -4877 -4866 -4858 -4828 -4861 -4803 -4567 -4430 -4438 -4560 -4706 -4862 -5024 -5192 -5194 -5153 -5169 -5210 -5139 -5083 -4965 -5015 -4918 -4816 -4600 -4129 -4803 -4893 -4641 -4757 -8016 -7293 -4484 -4478 -4607 -4433 -4557 -4705 -4924 -4699 -5055 -4865 -5114 -5210 -5137 -4917 -4927 -4883 -5107 -4771 -4756 -4928 -4633 -4624 -4528 -4450 -4349 -4336
-4184 -4410 -4587 -4733 -4908 -5021 -5085 -4983 -5000 -4945 -4899 -4893 -4855 -4826 -4829 -4828 -4734 -4768 -4721 -4594 -4602 -4720 -4865 -5014 -5228 -5288 -5342 -5365 -5325 -5228 -5239 -5100 -5097 -5048 -4943 -4728 -4340 -4196 -6995 -7098 -7801 -7547 -4549 -4630 -4463 -4740 -4255 -4468 -4685 -5035 -4837 -5076 -4797 -4945 -5160 -4898 -4825 -4813 -4826 -4925 -4643 -4730 -4753 -4515 -4628 -4510 -4437 -4350 -4302
-4173 -4392 -4562 -4706 -4845 -4974 -4958 -4927 -4894 -4973 -4953 -4850 -4880 -4851 -4843 -4805 -4752 -4960 -4978 -4778 -4650 -4740 -4902 -5088 -5288 -5388 -5529 -5517 -5407 -5315 -5200 -5186 -5104 -5073 -4858 -4605 -4078 -4067 -6919 -6946 -7389 -6889 -4406 -4528 -4438 -4566 -4518 -4512 -4692 -5002 -4959 -5143 -4979 -4998 -5132 -4825 -4873 -4917 -4910 -4867 -4618 -4718 -4837 -4577 -4495 -4491 -4392 -4459 -4345
-4132 -4297 -4498 -4629 -4741 -4884 -4856 -4876 -4841 -4881 -4885 -4910 -4914 -4891 -4849 -4862 -4898 -5081 -5109 -4859 -4641 -4737 -4933 -5178 -5325 -5481 -5627 -5483 -5334 -5221 -5175 -5083 -4894 -4851 -4571 -4407 -3989 -3778 -6607 -6732 -7193 -4160 -4253 -4354 -4483 -4225 -4481 -4556 -4728 -4972 -4979 -5031 -4997 -4840 -4958 -4682 -4899 -4731 -4760 -4743 -4528 -4714 -4850 -4887 -4362 -4495 -4492 -4489 -4462
-4062 -4232 -4416 -4530 -4670 -4752 -4781 -4757 -4792 -4855 -4900 -4884 -4835 -4930 -5055 -5091 -5040 -5099 -5043 -4743 -4610 -4708 -5002 -5254 -5426 -5535 -5532 -5399 -5216 -5173 -5050 -4760 -4491 -4435 -4287 -4309 -4165 -4025 -3789 -6828 -6402 -3860 -3825 -4107 -4202 -4080 -4309 -4499 -4718 -4825 -5014 -5057 -5088 -4891 -5019 -5034 -5141 -4813 -4879 -4798 -4746 -4762 -4918 -4942 -4488 -4473 -4503 -4505 -4448
-3998 -4168 -4322 -4412 -4573 -4682 -4677 -4754 -4757 -4807 -4760 -4901 -5017 -5115 -5141 -5099 -5041 -5033 -4825 -4536 -4646 -4809 -5014 -5255 -5325 -5431 -5434 -5297 -5063 -4945 -4678 -4439 -4356 -4244 -4247 -4135 -4144 -4215 -4072 -4089 -3894 -3427 -3227 -3492 -3786 -3986 -4153 -4254 -4475 -4675 -4857 -5043 -4857 -4999 -4857 -4768 -4895 -4757 -4675 -4584 -4563 -4663 -4691 -4591 -4331 -4476 -4530 -4535 -4535
-3853 -4044 -4193 -4299 -4454 -4594 -4698 -4648 -4673 -4760 -4837 -5036 -5136 -5134 -5064 -4905 -4943 -4816 -4611 -4722 -4610 -4820 -5009 -5245 -5445 -5368 -5451 -5346 -5277 -5221 -4885 -4576 -4419 -4226 -4060 -3929 -3895 -3860 -3755 -3814 -3659 -2879 -3154 -3405 -3620 -3799 -4133 -4391 -4524 -4716 -4798 -5038 -4983 -5087 -4727 -5051 -4815 -4878 -4689 -4948 -4734 -4516 -4631 -4447 -4556 -4490 -4510 -4552 -4464
-3881 -3975 -4114 -4223 -4344 -4427 -4505 -4572 -4765 -4746 -4848 -4975 -5004 -4951 -4845 -4686 -4703 -4504 -4450 -4864 -5065 -5182 -4931 -5284 -5460 -5634 -5363 -5491 -5421 -5121 -4802 -4502 -4198 -3946 -3797 -3624 -3500 -3368 -3208 -3407 -3244 -2732 -2945 -3227 -3486 -3804 -4102 -4368 -4510 -4809 -4919 -5007 -5074 -5190 -5052 -5152 -4568 -4715 -4636 -4770 -4834 -4513 -4476 -4427 -4208 -4429 -4436 -4491 -4393
-3906 -3981 -4123 -4174 -4392 -4191 -4264 -4552 -4744 -4655 -4795 -4846 -4780 -4672 -4585 -4505 -4397 -4284 -4591 -4862 -5012 -4934 -4734 -5129 -5370 -5195 -5257 -5427 -5320 -4947 -4618 -4375 -3978 -3697 -3525 -3258 -3089 -2854 -2741 -3103 -2915 -2934 -3074 -3340 -3617 -3761 -3988 -4234 -4382 -4620 -4798 -4878 -4908 -5097 -5070 -4971 -4781 -4930 -4809 -4729 -4818 -4574 -4479 -4665 -4266 -4392 -4399 -4469 -4405
-4020 -4082 -4128 -4161 -4331 -4135 -4270 -4504 -4613 -4432 -4500 -4505 -4420 -4390 -4283 -4138 -4076 -4095 -4228 -4483 -4407 -4621 -4674 -4799 -4872 -4862 -4867 -4828 -4741 -4684 -4445 -4048 -3649 -3282 -3098 -2941 -2855 -2755 -2474 -2817 -2745 -2644 -2662 -3165 -3506 -3882 -4165 -4318 -4404 -4542 -4666 -4845 -4942 -5137 -5248 -4684 -4715 -4659 -4920 -4805 -4954 -4401 -4257 -4334 -4053 -4327 -4459 -4449 -4480
-4032 -4131 -4133 -4240 -4188 -4057 -4250 -4499 -4530 -4270 -4241 -4296 -4194 -4219 -4078 -3984 -4028 -4136 -4003 -4082 -4192 -4421 -4503 -4454 -4234 -4066 -4120 -4232 -4383 -4501 -4374 -4016 -3599 -3253 -3022 -2938 -2829 -2721 -2314 -2633 -2765 -2371 -2800 -3252 -3604 -3815 -4125 -4359 -4491 -4522 -4606 -4648 -4700 -5035 -5026 -4821 -5029 -4396 -4604 -4721 -4865 -4964 -4543 -4499 -4282 -4382 -4417 -4436 -4506
-4028 -4118 -4121 -4118 -4228 -4167 -4094 -4022 -4238 -4174 -3941 -3957 -4051 -4046 -3870 -3757 -3771 -3592 -3570 -3770 -4128 -4428 -4472 -4322 -4099 -3773 -3572 -3728 -3937 -4021 -4006 -3845 -3492 -3151 -2849 -2734 -2632 -2672 -2513 -2328 -2270 -2315 -2710 -2931 -3242 -3591 -3991 -4318 -4785 -4729 -4806 -4810 -4826 -5009 -4959 -5069 -4761 -4729 -4628 -4498 -4835 -5024 -4376 -4280 -4238 -4410 -4396 -4426 -4505
-4008 -4061 -4070 -4058 -4260 -4197 -4062 -4148 -4153 -3955 -3872 -3875 -3888 -3811 -3714 -3682 -3714 -3580 -3650 -3914 -4231 -4400 -4336 -4078 -3793 -3570 -3295 -3161 -3364 -3468 -3406 -3325 -3167 -2896 -2715 -2553 -2469 -2435 -2355 -2125 -2165 -2501 -2792 -3061 -3458 -3812 -4044 -4282 -4552 -4636 -4721 -4752 -4805 -4896 -4755 -5051 -5013 -5113 -4722 -4585 -4667 -4838 -4502 -4553 -4434 -4404 -4388 -4403 -4447
-3942 -4013 -4016 -4002 -4215 -4139 -4180 -4090 -3907 -3859 -3754 -3686 -3601 -3446 -3440 -3520 -3542 -3593 -3827 -4042 -4166 -4125 -3945 -3701 -3559 -3322 -3137 -2812 -2753 -2929 -2954 -2879 -2774 -2644 -2506 -2401 -2231 -2208 -1857 -1829 -2091 -2329 -2630 -2914 -3362 -3606 -3912 -4097 -4260 -4406 -4578 -4693 -4789 -4899 -4912 -4898 -4778 -4935 -4736 -4467 -4297 -4328 -4456 -4419 -4578 -4523 -4439 -4444 -4459
-3951 -3977 -3944 -3953 -4179 -4038 -3999 -3900 -3784 -3677 -3858 -3549 -3533 -3368 -3263 -3359 -3481 -3669 -3968 -4157 -4170 -4046 -3921 -3682 -3467 -3193 -2885 -2660 -2404 -2447 -2554 -2520 -2463 -2388 -2319 -2205 -2129 -2147 -1773 -1993 -2198 -2509 -2812 -3282 -3603 -3807 -3992 -4167 -4233 -4299 -4349 -4466 -4628 -4819 -4893 -4866 -4554 -4588 -4464 -4446 -4329 -4595 -4551 -4708 -4971 -4655 -4578 -4506 -4525
-4018 -3951 -3886 -3898 -3971 -3893 -3738 -3651 -3486 -3437 -3690 -3580 -3732 -3769 -3506 -3472 -3586 -3792 -4017 -4048 -3896 -3767 -3522 -3332 -3108 -2899 -2638 -2521 -2195 -2160 -2259 -2248 -2232 -2186 -2161 -2077 -2129 -2150 -1942 -2029 -2243 -2454 -2960 -3375 -3732 -3941 -3990 -4168 -4334 -4428 -4455 -4435 -4496 -4519 -4504 -4515 -4525 -4479 -4556 -4484 -4462 -4514 -4574 -4632 -4769 -4656 -4609 -4562 -4527
-3982 -3871 -3864 -3839 -3854 -3787 -3608 -3519 -3422 -3521 -3561 -3888 -3579 -3746 -3779 -3791 -3821 -3872 -3948 -3907 -3828 -3689 -3482 -3234 -2949 -2752 -2480 -2391 -2076 -1847 -1934 -1978 -1994 -1977 -2000 -2018 -2138 -1932 -2030 -2070 -2195 -2488 -2909 -3417 -3721 -3906 -3999 -4040 -4161 -4244 -4337 -4375 -4389 -4483 -4483 -4436 -4408 -4510 -4687 -4659 -4574 -4554 -4579 -4479 -4582 -4677 -4659 -4709 -4570
-3928 -3799 -3748 -3740 -3655 -3575 -3459 -3408 -3459 -3659 -3800 -3911 -3896 -3989 -3953 -3915 -3924 -3855 -3806 -3723 -3587 -3386 -3211 -2989 -2756 -2592 -2430 -2325 -2196 -2066 -2008 -1991 -1988 -1984 -2014 -2047 -2086 -2081 -2107 -2133 -2298 -2541 -3116 -3503 -3748 -3926 -4031 -4148 -4248 -4327 -4396 -4451 -4507 -4540 -4576 -4612 -4651 -4688 -4676 -4654 -4574 -4653 -4642 -4604 -4624 -4689 -4793 -4770 -4651
-3801 -3684 -3622 -3516 -3356 -3282 -3145 -3265 -3498 -3815 -4057 -4231 -4379 -4398 -4299 -4219 -4136 -3972 -3808 -3649 -3352 -3130 -2965 -2730 -2556 -2458 -2339 -2242 -2180 -2130 -2095 -2079 -2090 -2102 -2108 -2107 -2110 -2109 -2170 -2220 -2464 -2850 -3325 -3599 -3836 -4041 -4144 -4220 -4261 -4323 -4398 -4491 -4573 -4650 -4726 -4739 -4733 -4737 -4728 -4746 -4709 -4761 -4771 -4706 -4703 -4711 -4736 -4722 -4636
-3653 -3579 -3573 -3354 -3144 -3050 -2965 -3153 -3477 -3843 -4150 -4366 -4563 -4596 -4494 -4412 -4257 -4046 -3814 -3647 -3159 -3023 -2815 -2591 -2440 -2370 -2263 -2164 -2136 -2115 -2110 -2098 -2121 -2130 -2140 -2152 -2141 -2131 -2124 -2347 -2582 -2954 -3362 -3607 -3861 -4061 -4168 -4240 -4272 -4339 -4417 -4528 -4622 -4691 -4756 -4749 -4788 -4746 -4732 -4688 -4694 -4713 -4766 -4699 -4671 -4665 -4702 -4676 -4663
-3578 -3553 -3392 -3167 -2922 -2797 -2842 -3075 -3372 -3799 -4125 -4359 -4563 -4629 -4516 -4419 -4217 -3965 -3689 -3420 -3084 -2864 -2766 -2532 -2387 -2311 -2195 -2106 -2075 -2081 -2073 -2069 -2095 -2133 -2166 -2199 -2179 -2160 -2168 -2414 -2554 -2906 -3312 -3551 -3792 -4002 -4128 -4233 -4285 -4374 -4454 -4559 -4653 -4669 -4723 -4764 -4755 -4716 -4692 -4652 -4661 -4703 -4680 -4602 -4617 -4621 -4674 -4659 -4640
