---
Cu Potential [ft] Valid 1000 PST ~Z75~(1800Z)~Z~ FRI 19 May 2017 ~Z75~[18hrFcst@1433z]~Z~
Model= RASP Region= PANOCHE Grid= d2 Reskm= 4.0 Indexs= 1 51 1 69 Proj= lambert 4000 4000 40.0000 40.0000 -73.0000 36.6487 -121.0445
Day= 2017 5 19 FRI ValidLST= 1000 PST ValidZ= 1800 Fcst= 18.0 Init= 12 Param= zsfclcldif Unit= ft Mult= 1 Min= -7447 Max= 1
-945 -981 -1003 -1051 -1110 -1185 -1242 -2015 -3449 -5861 -5481 -3490 -3452 -3463 -3446 -3414 -3461 -3501 -3397 -3497 -3569 -3778 -3833 -3948 -4082 -4217 -4242 -4309 -4240 -4264 -4455 -4654 -4856 -5199 -5448 -5639 -5666 -5783 -5896 -6012 -6058 -6112 -6139 -6167 -6048 -5975 -5909 -5943 -5983 -5921 -5777
-946 -976 -996 -1032 -1072 -1180 -1280 -1978 -3290 -5440 -6408 -3948 -3391 -3258 -3298 -3303 -3361 -3426 -3477 -3585 -3617 -3762 -3943 -4068 -4125 -4177 -4167 -4207 -4144 -4259 -4401 -4533 -4722 -5063 -5285 -5466 -5514 -5579 -5731 -5848 -5897 -5951 -5965 -6013 -5956 -5891 -5917 -5923 -5922 -5857 -5725
-952 -986 -981 -983 -1024 -1230 -1527 -2245 -3396 -5159 -6311 -4681 -3455 -3232 -3235 -3299 -3362 -3437 -3518 -3614 -3725 -3836 -3918 -3958 -4011 -4039 -4060 -4097 -4167 -4234 -4306 -4392 -4572 -4875 -5034 -5247 -5321 -5440 -5526 -5682 -5731 -5778 -5797 -5828 -5805 -5751 -5751 -5782 -5803 -5759 -5669
-968 -1007 -978 -934 -1005 -1275 -1779 -2638 -3652 -4734 -6093 -4523 -3577 -3287 -3216 -3323 -3402 -3536 -3654 -3677 -3724 -3783 -3834 -3882 -3924 -3950 -3996 -4064 -4082 -4147 -4211 -4297 -4400 -4656 -4772 -5014 -5182 -5322 -5405 -5495 -5550 -5577 -5586 -5596 -5602 -5568 -5563 -5573 -5604 -5617 -5537
-972 -1013 -993 -972 -1096 -1055 -1125 -2223 -3282 -4413 -5422 -3958 -3535 -3001 -3143 -3296 -3390 -3613 -3871 -3847 -3732 -3722 -3687 -3749 -3832 -3904 -3879 -3925 -3931 -3998 -4046 -4039 -4228 -4426 -4617 -4887 -5090 -5194 -5244 -5327 -5391 -5421 -5452 -5407 -5458 -5448 -5487 -5411 -5444 -5454 -5371
-965 -1011 -1019 -1060 -1233 -1345 -1651 -2667 -3428 -5748 -4187 -3695 -3077 -2954 -3179 -3352 -3488 -3576 -3853 -3799 -3881 -3805 -3661 -3680 -3770 -3812 -3796 -3626 -3822 -3852 -3952 -3823 -4079 -4302 -4427 -4806 -5002 -5041 -5064 -5157 -5230 -5249 -5129 -5234 -5282 -5275 -5363 -5284 -5317 -5290 -5263
-952 -1008 -1061 -1212 -1376 -1554 -2027 -3107 -4305 -5575 -3905 -3413 -2825 -2894 -3170 -3492 -3572 -3745 -4111 -4060 -3898 -3637 -3571 -3628 -3703 -3617 -3743 -3638 -3669 -3637 -3811 -3808 -3930 -4155 -4431 -4721 -4892 -4931 -4983 -5018 -5067 -5101 -5096 -5102 -5144 -5077 -5218 -5184 -5194 -5176 -5165
-949 -1014 -1133 -1385 -1552 -1914 -2510 -3511 -5117 -5038 -3818 -3241 -2654 -2921 -3376 -3323 -3406 -3739 -4067 -4167 -3919 -3565 -3512 -3464 -3450 -3350 -3644 -3569 -3538 -3351 -3462 -3385 -3805 -4172 -4394 -4633 -4677 -4849 -4830 -4910 -4938 -4959 -4973 -4957 -4971 -5016 -5180 -5086 -5076 -5059 -5053
-930 -1032 -1235 -1597 -1831 -2367 -3086 -4115 -4799 -5827 -3727 -3138 -2571 -2986 -3262 -3261 -3588 -3807 -4024 -4017 -3727 -3379 -3379 -3238 -3176 -3170 -3413 -3533 -3269 -2928 -2996 -3113 -3727 -4165 -4338 -4530 -4633 -4856 -4832 -4862 -4814 -4860 -4859 -4885 -5017 -5059 -5105 -4985 -4963 -4940 -4939
-904 -1064 -1369 -1852 -2231 -2920 -3738 -4783 -5038 -5724 -3670 -2811 -2570 -3264 -3379 -3298 -3548 -3874 -4007 -3906 -3583 -3268 -3171 -2995 -2943 -3020 -3370 -3173 -2740 -2367 -2766 -3546 -3888 -4192 -4226 -4329 -4666 -4854 -4603 -4809 -4775 -4777 -4769 -4756 -4852 -4912 -4929 -4879 -4851 -4833 -4801
-894 -1119 -1539 -2196 -2765 -3685 -4618 -5360 -5863 -3990 -3082 -2467 -2881 -3684 -3872 -3716 -3862 -4321 -4337 -4009 -3607 -3352 -3142 -2915 -2781 -2900 -3147 -2902 -2306 -2333 -3437 -4123 -4259 -4129 -4368 -4446 -4747 -4847 -4845 -4757 -4749 -4698 -4723 -4669 -4755 -4776 -4803 -4929 -4754 -4732 -4701
-900 -1192 -1739 -2617 -3460 -4572 -5487 -5831 -5844 -3602 -2704 -2310 -3391 -3985 -4058 -3926 -3955 -4021 -4086 -4006 -3723 -3476 -3120 -2869 -2599 -2707 -2758 -2463 -2264 -3304 -4062 -4273 -4369 -4504 -4488 -4570 -4763 -4801 -4809 -4665 -4722 -4670 -4619 -4605 -4615 -4705 -4731 -4671 -4649 -4642 -4615
-914 -1284 -1966 -3089 -4239 -5317 -6031 -5939 -4303 -3527 -2549 -2679 -3800 -4048 -3826 -3814 -3894 -4191 -4325 -4202 -3888 -3542 -3132 -2843 -2604 -2431 -2315 -2110 -2977 -3870 -4207 -4337 -4558 -4779 -4613 -4734 -4778 -4765 -4858 -4711 -4678 -4587 -4561 -4572 -4651 -4696 -4710 -4583 -4571 -4563 -4546
-927 -1372 -2162 -3476 -4834 -5704 -6289 -6030 -3848 -3198 -2581 -3056 -3888 -3941 -3739 -3933 -3876 -4156 -4274 -4159 -3894 -3551 -3239 -3000 -2797 -2504 -2067 -2176 -3381 -4032 -4283 -4504 -4778 -4890 -4691 -4734 -4641 -4735 -4447 -4718 -4635 -4625 -4596 -4492 -4704 -4696 -4628 -4531 -4498 -4485 -4450
-946 -1455 -2327 -3759 -5148 -5926 -6539 -5608 -3892 -3036 -2435 -3083 -3775 -3769 -3870 -4163 -4124 -4274 -4266 -4169 -3979 -3743 -3385 -3084 -2935 -2566 -2143 -2427 -3184 -3855 -4645 -4847 -4865 -4856 -4729 -4721 -4709 -4748 -4534 -4603 -4565 -4261 -4546 -4556 -4665 -4656 -4571 -4479 -4434 -4410 -4423
-967 -1531 -2452 -3935 -5302 -6078 -6700 -5111 -3882 -2813 -2451 -3433 -3644 -3702 -4139 -4361 -4215 -4179 -4205 -4158 -4075 -3909 -3629 -3262 -2986 -2624 -2275 -2526 -2736 -3634 -4676 -4958 -4817 -4745 -4684 -4768 -4801 -4757 -4683 -4678 -4606 -4523 -4505 -4677 -4701 -4645 -4565 -4519 -4484 -4452 -4424
-971 -1578 -2543 -4081 -5435 -6196 -6809 -5047 -3642 -2577 -2898 -3619 -3691 -3986 -4334 -4335 -4017 -3953 -4036 -4299 -4315 -4103 -3831 -3607 -3219 -2754 -2487 -2558 -2382 -3116 -4330 -4644 -4691 -4468 -4597 -4678 -4812 -4749 -4781 -4508 -4625 -4639 -4527 -4561 -4620 -4607 -4517 -4470 -4428 -4398 -4388
-956 -1597 -2593 -4185 -5539 -6310 -6946 -4634 -3064 -2655 -3404 -3753 -3930 -4143 -4534 -4313 -3827 -3792 -4285 -4536 -4516 -4272 -4096 -3870 -3403 -2844 -2568 -2521 -2297 -2945 -3917 -4056 -4169 -4222 -4393 -4735 -4818 -4803 -4844 -4661 -4670 -4653 -4566 -4618 -4625 -4597 -4531 -4446 -4393 -4349 -4323
-925 -1588 -2614 -4258 -5636 -6407 -7030 -4638 -2650 -3050 -3779 -4156 -4234 -4625 -4720 -4354 -3784 -3926 -4558 -4773 -4621 -4405 -4251 -4018 -3576 -2897 -2589 -2426 -2435 -2952 -3287 -3248 -3448 -3771 -4229 -4736 -4843 -4805 -4839 -4745 -4702 -4663 -4558 -4655 -4640 -4584 -4529 -4392 -4316 -4256 -4240
-904 -1581 -2634 -4319 -5613 -6367 -5858 -3686 -2378 -3315 -3899 -4257 -4379 -4791 -4619 -4344 -3810 -4219 -4721 -4942 -4717 -4538 -4384 -4170 -3711 -2990 -2566 -2374 -2390 -2451 -2550 -2418 -2537 -3823 -4389 -4743 -4902 -4873 -4854 -4773 -4717 -4699 -4601 -4676 -4605 -4536 -4499 -4383 -4324 -4268 -4221
-879 -1569 -2654 -4409 -5820 -6592 -5300 -3512 -2327 -3169 -4171 -4486 -4640 -4886 -4604 -4268 -3898 -4673 -4965 -5031 -4787 -4629 -4493 -4278 -3800 -3004 -2394 -2260 -1944 -1822 -2032 -2198 -3434 -4360 -4563 -4776 -4864 -4792 -4855 -4807 -4758 -4668 -4588 -4669 -4577 -4510 -4507 -4409 -4383 -4357 -4290
-857 -1557 -2679 -4527 -6112 -6772 -7093 -4188 -2414 -2946 -4273 -4543 -4782 -4882 -4655 -4255 -4169 -4946 -5311 -5058 -4824 -4643 -4524 -4301 -3786 -2977 -2296 -1945 -1736 -1967 -2718 -3627 -4371 -4661 -4701 -4853 -4908 -4941 -4920 -4806 -4750 -4644 -4622 -4666 -4583 -4490 -4452 -4496 -4557 -4602 -4430
-823 -1540 -2687 -4624 -6295 -6856 -7121 -4528 -2482 -2431 -3709 -4513 -4755 -4591 -4576 -4270 -4448 -5088 -5504 -5113 -4830 -4665 -4530 -4335 -3716 -2803 -2309 -2324 -2545 -3348 -3241 -4468 -4746 -4741 -4883 -4904 -4903 -4961 -4822 -4832 -4756 -4702 -4628 -4631 -4551 -4481 -4420 -4529 -4627 -4716 -4491
-786 -1520 -2688 -4700 -6464 -6978 -7260 -4828 -2544 -2293 -3338 -4110 -4385 -4200 -4150 -4301 -4836 -5253 -5516 -5152 -4818 -4602 -4457 -4360 -3596 -2707 -2703 -2899 -3018 -3281 -3319 -4173 -4649 -4794 -4864 -4942 -4983 -4945 -4901 -4849 -4792 -4587 -4628 -4584 -4513 -4506 -4389 -4511 -4613 -4639 -4462
-753 -1501 -2677 -4732 -6567 -7175 -7447 -4768 -2319 -2294 -3082 -3254 -3479 -3590 -3797 -4523 -5002 -5211 -5622 -5100 -4892 -4675 -4648 -4358 -3471 -2871 -3192 -2952 -3029 -3655 -3540 -3520 -4252 -4647 -4920 -4948 -5001 -4973 -4966 -4856 -4762 -4611 -4650 -4524 -4513 -4435 -4354 -4391 -4474 -4478 -4278
-725 -1476 -2657 -4688 -6377 -7052 -5454 -3518 -1615 -1782 -2369 -2161 -2709 -3427 -4034 -4566 -5083 -5438 -5613 -5239 -4934 -4775 -4588 -4227 -3575 -3230 -3151 -2854 -3189 -3694 -3726 -3623 -4228 -4713 -5039 -5076 -5053 -5066 -4944 -4893 -4708 -4616 -4612 -4491 -4472 -4403 -4323 -4326 -4385 -4356 -4207
-705 -1360 -2633 -4655 -6385 -7102 -5058 -3233 -1686 -2404 -2326 -2252 -3598 -3950 -4195 -4557 -5153 -5631 -5591 -5390 -4979 -4721 -4500 -4196 -3858 -3332 -2978 -2890 -3250 -3665 -4006 -4227 -4547 -4827 -4895 -4855 -4724 -4736 -4972 -4862 -4704 -4682 -4595 -4503 -4438 -4389 -4311 -4298 -4338 -4315 -4126
-688 -1339 -2597 -4583 -6327 -7147 -5195 -3403 -2290 -3362 -3397 -3228 -3561 -4168 -4609 -4956 -5466 -5840 -5517 -5201 -4820 -4671 -4439 -4267 -3858 -3249 -2865 -2918 -3294 -3885 -4616 -4692 -4873 -4947 -5016 -5086 -4928 -4972 -4964 -4845 -4772 -4717 -4585 -4520 -4441 -4366 -4308 -4310 -4298 -4247 -4133
-681 -1336 -2585 -4512 -6112 -7060 -5523 -3197 -2443 -3243 -3926 -3876 -4113 -4592 -4883 -5284 -5570 -5604 -5662 -5194 -4832 -4834 -4685 -4338 -3750 -3181 -2865 -3135 -3592 -4253 -5057 -5121 -5156 -5114 -5097 -4990 -5052 -4927 -4964 -4822 -4830 -4729 -4636 -4539 -4415 -4370 -4353 -4320 -4289 -4214 -4126
-600 -1359 -2597 -4463 -5863 -6908 -5290 -2988 -2222 -3007 -3932 -4234 -4527 -4685 -4973 -5434 -5796 -5861 -5626 -5358 -5070 -4977 -4820 -4410 -3767 -3243 -2966 -3352 -4396 -4840 -5113 -5084 -5123 -5286 -5262 -5111 -5027 -5018 -4980 -4883 -4831 -4695 -4634 -4553 -4446 -4389 -4344 -4297 -4266 -4196 -4117
-606 -1400 -2630 -4418 -5606 -6911 -5133 -2953 -2072 -2526 -3367 -4079 -4110 -4005 -4379 -5078 -5714 -5847 -5402 -4886 -4859 -4963 -4828 -4438 -3756 -3171 -3147 -3783 -4716 -5019 -4791 -4732 -4927 -5168 -5161 -4946 -4990 -4973 -4964 -4689 -4801 -4662 -4618 -4571 -4486 -4400 -4349 -4273 -4217 -4141 -4068
-602 -1412 -2662 -4413 -5401 -5548 -4378 -2538 -2273 -2881 -3267 -3657 -3466 -2777 -4021 -5099 -5764 -5901 -5240 -4506 -4415 -4640 -4764 -4344 -3592 -3180 -3705 -4220 -4711 -4756 -4303 -4431 -4650 -5019 -5088 -4940 -4909 -4947 -4965 -4777 -4768 -4686 -4670 -4592 -4513 -4412 -4357 -4276 -4202 -4127 -4052
-599 -1405 -2701 -4548 -5787 -5405 -4044 -2757 -2979 -4039 -3967 -4117 -3488 -2552 -4482 -5382 -5973 -5779 -5081 -4711 -4488 -4520 -4702 -4332 -3584 -3449 -4035 -4029 -4321 -4554 -4515 -4471 -4591 -4977 -5024 -4919 -4917 -4906 -4906 -4712 -4744 -4667 -4610 -4595 -4511 -4408 -4353 -4279 -4192 -4116 -3982
-576 -1372 -2722 -4777 -5547 -4926 -3624 -2827 -3254 -3978 -4242 -4660 -3864 -3075 -4753 -5653 -5991 -5575 -4938 -4578 -4417 -4390 -4588 -4314 -3854 -3938 -4059 -3520 -3869 -4777 -4832 -4783 -4769 -5020 -5051 -4848 -4786 -4851 -4810 -4690 -4674 -4611 -4558 -4565 -4526 -4412 -4345 -4266 -4160 -4050 -3933
-615 -1400 -2692 -4830 -5907 -5266 -3952 -3151 -3362 -4112 -4873 -5093 -4067 -3457 -4931 -5774 -6011 -5490 -4871 -4242 -3849 -4054 -4405 -4302 -4332 -4352 -4063 -3633 -3513 -4758 -5145 -5149 -5154 -5192 -5114 -4988 -4829 -4746 -4707 -4641 -4632 -4556 -4558 -4478 -4508 -4421 -4336 -4237 -4105 -4013 -3922
-576 -1331 -2624 -4827 -6043 -5565 -4260 -3449 -3397 -4564 -5185 -5329 -4161 -3727 -5052 -5738 -6015 -5478 -4911 -3840 -3432 -4285 -4616 -4770 -4780 -4596 -4186 -3988 -3617 -4324 -4980 -4975 -5120 -5074 -4994 -4840 -4756 -4762 -4699 -4602 -4592 -4514 -4520 -4424 -4423 -4405 -4293 -4209 -4087 -4013 -3902
-533 -1222 -2484 -4538 -6293 -5948 -4781 -3793 -3774 -4712 -5292 -5418 -4178 -3806 -4984 -5594 -5940 -5460 -4907 -3894 -3663 -4826 -5280 -5287 -5000 -4718 -4362 -4131 -4084 -4117 -4680 -4860 -4813 -4927 -4978 -4869 -4746 -4662 -4633 -4567 -4530 -4477 -4420 -4424 -4425 -4406 -4265 -4184 -4078 -3998 -3823
-503 -1085 -2256 -4153 -5714 -6009 -5207 -4265 -4413 -4764 -5248 -5419 -4265 -3807 -4836 -5398 -5659 -5347 -4947 -4114 -4127 -5310 -5766 -5586 -5118 -4889 -4593 -4345 -4285 -4712 -5062 -5135 -4785 -4780 -4921 -4877 -4727 -4625 -4563 -4524 -4458 -4439 -4371 -4359 -4401 -4356 -4259 -4177 -4077 -3999 -3770
-476 -945 -1969 -3649 -5185 -6457 -5606 -4891 -4961 -5066 -5175 -5267 -4493 -4072 -4870 -5434 -5595 -5298 -4822 -4018 -4625 -5506 -5909 -5709 -5241 -5016 -4644 -4308 -4472 -5120 -5479 -5500 -4962 -4855 -4950 -4894 -4699 -4576 -4498 -4474 -4421 -4415 -4351 -4316 -4399 -4323 -4226 -4177 -4069 -3978 -3777
-460 -802 -1632 -3042 -4532 -5137 -5872 -5181 -5113 -5108 -4911 -4920 -4571 -4389 -4915 -5332 -5394 -5172 -4563 -4043 -4794 -5479 -5830 -5861 -5530 -5083 -4493 -4204 -4586 -5062 -5325 -5432 -5084 -4974 -4976 -4887 -4711 -4555 -4447 -4445 -4398 -4407 -4332 -4301 -4353 -4345 -4267 -4186 -4096 -4019 -3819
-412 -645 -1254 -2255 -3037 -3764 -5570 -5008 -5016 -4831 -4657 -4362 -4334 -4670 -5155 -5177 -5078 -4905 -4742 -4257 -4655 -5333 -5776 -5965 -5603 -4966 -4247 -4000 -4616 -5075 -5353 -5389 -5199 -5075 -4991 -4867 -4655 -4511 -4431 -4409 -4398 -4397 -4384 -4357 -4341 -4279 -4286 -4214 -4105 -4037 -3795
-354 -491 -867 -1334 -1128 -1680 -2522 -4226 -4691 -4247 -4032 -3952 -4332 -4646 -5745 -5063 -4721 -4753 -4646 -4173 -4700 -5334 -5770 -5844 -5497 -4801 -4040 -3935 -4910 -5277 -5304 -5202 -5052 -5041 -4990 -4868 -4636 -4525 -4411 -4418 -4391 -4429 -4360 -4393 -4352 -4331 -4320 -4239 -4136 -4057 -3809
-251 -338 -520 -706 -310 -491 -922 -2917 -3528 -2280 -2591 -3501 -3894 -3979 -4220 -4661 -4543 -4631 -4704 -4572 -4994 -5527 -5720 -5757 -5376 -4959 -4394 -4141 -4973 -5510 -5276 -5037 -5030 -4993 -4970 -4855 -4590 -4445 -4408 -4399 -4331 -4393 -4358 -4347 -4328 -4320 -4338 -4260 -4177 -4079 -3925
-211 -258 -323 -395 -183 -224 -386 -524 -834 -1228 -387 -2691 -3385 -3544 -3737 -4302 -4483 -4805 -4832 -4855 -5243 -5606 -5721 -5636 -5507 -5222 -5208 -4564 -4924 -5742 -5658 -5459 -5066 -5006 -4946 -4813 -4582 -4480 -4420 -4379 -4393 -4370 -4354 -4392 -4396 -4703 -4410 -4288 -4200 -4100 -3907
-217 -251 -249 -237 -191 -193 -217 -288 -400 -425 -510 -127 -2051 -2815 -3155 -3848 -4425 -4818 -4872 -5102 -5435 -5518 -5644 -5597 -5439 -5419 -5391 -5040 -5022 -6769 -5730 -5515 -5134 -5024 -4902 -4748 -4627 -4508 -4315 -4387 -4405 -4346 -4310 -4320 -4306 -4525 -4398 -4315 -4219 -4123 -3953
-293 -275 -253 -226 -224 -238 -252 -279 -350 -373 -386 -475 -3 -1865 -2637 -3501 -4228 -4567 -4859 -5069 -5189 -5332 -5643 -5687 -5410 -5369 -5266 -5236 -5025 -5235 -5344 -5099 -5021 -4978 -4911 -4720 -4671 -4381 -4419 -4311 -4303 -4235 -4293 -4336 -4242 -4457 -4399 -4340 -4226 -4155 -4096
-329 -294 -254 -214 -250 -281 -290 -294 -295 -344 -326 -553 -1 -1600 -2343 -3032 -3861 -4342 -4834 -5005 -5059 -5294 -6355 -6329 -5681 -5361 -5200 -5292 -5023 -4552 -4532 -4637 -4805 -4896 -4741 -4767 -4535 -4478 -4429 -4193 -4259 -4220 -4272 -4341 -4278 -4465 -4434 -4358 -4253 -4199 -4163
-343 -309 -277 -235 -278 -303 -319 -320 -300 -371 -367 -484 -589 1 -1978 -2908 -3669 -4157 -5672 -5189 -5062 -5131 -5258 -5276 -5150 -4968 -4974 -5192 -4963 -4166 -4071 -4391 -4638 -4769 -4728 -4663 -4429 -4327 -4110 -4145 -4150 -4196 -4226 -4349 -4301 -4311 -4362 -4370 -4281 -4241 -4196
-350 -324 -298 -271 -298 -313 -335 -334 -322 -381 -432 -537 -691 -87 -2451 -3277 -3759 -4070 -4531 -4596 -4749 -5081 -5017 -4882 -4777 -4523 -4625 -4938 -4846 -4299 -4165 -4395 -4591 -4688 -4707 -4591 -4392 -4262 -4057 -4068 -4139 -4150 -4184 -4267 -4399 -4447 -4383 -4398 -4329 -4282 -4205
-268 -336 -311 -283 -300 -313 -346 -341 -349 -435 -477 -650 -806 -219 -2556 -3622 -4178 -4331 -4266 -4028 -4631 -5044 -4933 -4725 -4529 -4310 -4488 -4816 -4645 -4520 -4379 -4438 -4654 -4688 -4657 -4570 -4341 -4173 -3949 -3962 -4060 -4080 -4189 -4404 -4351 -4422 -4488 -4434 -4371 -4333 -4216
-270 -340 -309 -258 -273 -300 -350 -333 -390 -437 -505 -755 -818 -615 -2941 -3819 -4027 -4403 -4202 -3919 -4705 -5184 -5061 -4610 -4451 -4129 -4397 -4755 -4783 -4549 -4309 -4367 -4654 -4677 -4655 -4522 -4270 -3954 -3949 -3874 -4017 -4070 -4252 -4347 -5142 -4364 -4438 -4433 -4415 -4372 -4236
-360 -338 -273 -198 -225 -276 -343 -319 -447 -366 -975 -1195 -724 -2039 -3363 -3855 -4022 -4141 -3876 -3986 -4843 -5181 -4977 -4641 -4482 -4386 -4338 -4679 -4808 -4462 -4250 -4299 -4531 -4607 -4633 -4522 -4301 -4050 -3820 -3817 -3848 -4007 -4242 -4283 -4515 -4468 -4427 -4454 -4828 -4401 -4296
-358 -335 -252 -160 -192 -267 -319 -349 -447 -679 -2922 -3730 -3927 -3480 -3627 -3788 -3799 -3573 -3540 -4219 -4927 -5208 -4980 -4849 -4348 -4170 -4114 -4308 -4370 -4157 -4153 -4151 -4384 -4562 -4610 -4524 -4271 -4020 -3851 -3878 -3879 -4104 -4318 -4223 -4455 -4508 -4415 -4454 -4462 -4428 -4341
-354 -329 -234 -123 -164 -261 -268 -448 -375 -2126 -2913 -3566 -4049 -3994 -3856 -3762 -3496 -3114 -3624 -4396 -5019 -5265 -5095 -4807 -3942 -3588 -3888 -3862 -3584 -3721 -4061 -4121 -4253 -4475 -4550 -4477 -4260 -4016 -3963 -3850 -3995 -4133 -4325 -4231 -4370 -4475 -4412 -4449 -4464 -4426 -4354
-261 -322 -214 -88 -153 -263 -252 -583 -702 -2537 -3059 -3420 -4070 -4315 -4211 -4129 -3490 -3353 -4052 -4658 -5398 -5458 -5181 -4705 -3249 -3102 -3841 -3819 -2948 -3414 -4021 -4114 -4152 -4369 -4522 -4416 -4311 -4016 -3971 -3957 -4097 -4153 -4311 -4224 -4329 -4433 -4409 -4433 -4460 -4427 -4348
-342 -316 -197 -87 -174 -268 -289 -681 -1470 -2716 -3113 -3662 -4218 -4516 -4436 -4331 -3876 -4187 -4633 -5104 -5575 -5359 -5041 -4500 -2823 -3016 -3911 -3858 -3180 -3398 -3925 -4124 -4240 -4356 -4548 -4482 -4417 -4067 -4113 -3929 -4017 -4151 -4303 -4240 -4297 -4383 -4406 -4412 -4452 -4409 -4346
-337 -310 -188 -111 -211 -276 -319 -660 -2471 -2812 -3067 -3575 -4201 -4664 -4644 -4531 -4351 -5860 -5881 -5517 -5502 -5254 -4774 -4035 -2585 -3124 -3773 -3452 -3216 -3454 -3936 -4186 -4359 -4466 -4527 -4523 -4418 -4134 -4227 -4347 -4349 -4079 -4199 -4180 -4218 -4263 -4371 -4384 -4430 -4394 -4341
-326 -305 -189 -164 -245 -284 -325 -748 -2713 -2990 -3265 -3338 -4242 -4655 -4638 -4593 -5264 -6298 -6431 -6150 -5354 -4915 -4448 -3604 -2714 -3057 -3575 -3028 -2895 -3303 -3683 -4182 -4409 -4562 -4612 -4555 -4416 -4203 -4250 -4226 -4560 -4103 -4133 -4138 -4175 -4233 -4334 -4353 -4397 -4389 -4347
-322 -290 -195 -200 -268 -289 -323 -713 -2960 -3293 -3635 -3814 -4505 -4690 -4306 -5544 -6501 -6559 -6622 -6387 -6138 -5069 -4344 -3530 -2876 -3074 -3508 -3092 -3196 -3587 -4035 -4463 -4548 -4685 -4688 -4616 -4454 -4276 -4239 -4220 -4359 -4103 -4121 -4162 -4160 -4217 -4303 -4320 -4353 -4364 -4339
-333 -280 -220 -240 -286 -295 -370 -797 -3125 -3618 -3932 -4163 -4655 -4440 -4061 -5851 -6244 -6466 -6429 -6355 -6317 -4966 -4185 -3457 -2956 -3197 -3727 -3551 -3540 -3820 -4495 -4786 -4837 -4952 -4909 -4644 -4488 -4327 -4191 -4196 -4305 -4087 -4091 -4096 -4109 -4127 -4247 -4284 -4312 -4333 -4320
-257 -277 -268 -275 -276 -303 -406 -874 -2879 -3248 -3592 -4050 -4578 -3963 -4154 -6036 -6113 -6195 -6152 -6077 -6084 -4733 -3983 -3517 -3290 -3474 -3912 -3751 -3767 -3993 -4525 -4812 -4986 -5022 -4950 -4664 -4519 -4353 -4220 -4135 -4249 -4079 -4052 -4030 -4095 -4138 -4230 -4250 -4266 -4280 -4281
-255 -276 -294 -210 -244 -308 -408 -1000 -2566 -3036 -3434 -4082 -4633 -4272 -4296 -5780 -6023 -6170 -5862 -6039 -5746 -4474 -3872 -3750 -3750 -3755 -4082 -4013 -4212 -4364 -4654 -4732 -4957 -4989 -4775 -4581 -4462 -4323 -4280 -4090 -4171 -4087 -3993 -3989 -4022 -4098 -4178 -4225 -4237 -4240 -4275
-339 -278 -277 -209 -238 -309 -377 -1501 -2187 -2709 -3430 -4200 -4629 -4316 -4341 -5345 -5789 -5557 -5221 -5500 -4987 -4212 -3860 -3943 -4123 -4165 -4403 -4397 -4429 -4561 -4809 -4758 -4865 -4803 -4695 -4434 -4379 -4334 -4289 -4093 -4031 -3925 -3900 -3944 -4018 -4205 -4195 -4224 -4217 -4198 -4178
-313 -282 -241 -232 -253 -318 -470 -891 -1896 -2604 -3418 -4046 -4545 -4411 -4780 -5070 -5461 -5238 -5312 -5102 -4936 -4186 -3981 -4179 -4345 -4385 -4605 -4638 -4637 -4782 -5001 -4796 -4775 -4707 -4548 -4325 -4249 -4213 -4137 -4036 -4104 -4046 -3820 -3858 -4088 -4104 -4143 -4215 -4209 -4187 -4138
-292 -278 -238 -260 -242 -361 -624 -865 -1678 -2500 -3419 -4057 -4288 -4213 -4309 -4811 -5062 -4906 -5595 -5247 -4769 -4117 -4124 -4279 -4359 -4448 -4558 -4597 -4787 -4830 -4810 -4929 -4625 -4600 -4412 -4269 -4091 -4046 -3998 -3990 -4024 -3965 -3881 -3906 -4008 -4095 -4174 -4204 -4185 -4173 -4115
-282 -274 -250 -304 -237 -435 -871 -1179 -1897 -2607 -3186 -3528 -3921 -4147 -4342 -4748 -4758 -4480 -4520 -4460 -4391 -4107 -4094 -4147 -4223 -4395 -4568 -4578 -4706 -4745 -4806 -4692 -4599 -4534 -4434 -4284 -4139 -4037 -4015 -4004 -3966 -3924 -3887 -3909 -3935 -4050 -4141 -4174 -4155 -4157 -4083
-283 -258 -274 -363 -303 -370 -562 -578 -1201 -2340 -2600 -3222 -4241 -4773 -5040 -4025 -3325 -3035 -3457 -3629 -3659 -3672 -3898 -4094 -4240 -4476 -4788 -4725 -4760 -4666 -4595 -4543 -4462 -4338 -4261 -4216 -4193 -4151 -4069 -4027 -3861 -3822 -3781 -3784 -3836 -3941 -4037 -4094 -4101 -4122 -4075
-260 -265 -295 -388 -335 -245 -296 -195 -848 -1948 -2320 -2955 -4355 -5174 -5166 -3079 -2070 -1810 -2737 -3094 -3266 -3397 -3699 -4008 -4160 -4538 -4719 -4691 -4790 -4620 -4491 -4420 -4256 -4112 -4048 -4056 -4188 -4159 -4125 -3915 -3732 -3696 -3684 -3696 -3761 -3857 -3951 -4031 -4051 -4079 -4076
-235 -285 -319 -394 -340 -278 -430 -256 -871 -1921 -2147 -2850 -4180 -5066 -4818 -2381 -1987 -1803 -3009 -2965 -3207 -3354 -3577 -3853 -4016 -4392 -4566 -4591 -4704 -4552 -4405 -4254 -4032 -3890 -3810 -3886 -4028 -4024 -3933 -3698 -3584 -3579 -3589 -3622 -3701 -3796 -3902 -3991 -4042 -4081 -4080
