---
Cu Potential [ft] Valid 0700 PST ~Z75~(1500Z)~Z~ FRI 19 May 2017 ~Z75~[15hrFcst@1429z]~Z~
Model= RASP Region= PANOCHE Grid= d2 Reskm= 4.0 Indexs= 1 51 1 69 Proj= lambert 4000 4000 40.0000 40.0000 -73.0000 36.6487 -121.0445
Day= 2017 5 19 FRI ValidLST= 700 PST ValidZ= 1500 Fcst= 15.0 Init= 12 Param= zsfclcldif Unit= ft Mult= 1 Min= -7385 Max= -177
-1024 -1305 -1765 -2450 -3166 -3865 -4510 -5083 -5568 -5963 -6092 -5705 -5458 -5304 -5027 -4758 -4675 -4684 -4882 -5012 -5044 -5052 -5023 -5039 -5077 -5099 -5122 -5209 -5187 -5315 -5377 -5462 -5571 -5671 -5764 -5751 -5656 -5684 -5775 -5894 -6037 -6181 -6378 -6344 -6164 -5756 -5584 -5644 -5862 -6038 -6222
-999 -1253 -1650 -2231 -2889 -3594 -4319 -4968 -5488 -5910 -6061 -5712 -5447 -5197 -4922 -4664 -4562 -4597 -4807 -4913 -4979 -4949 -4932 -4959 -5024 -5061 -5077 -5117 -5128 -5181 -5234 -5409 -5505 -5674 -5751 -5739 -5646 -5629 -5698 -5799 -5912 -6039 -6216 -6210 -6091 -5781 -5644 -5641 -5820 -5992 -6175
-962 -1158 -1473 -1931 -2505 -3190 -4003 -4785 -5404 -5842 -6000 -5721 -5451 -5184 -4941 -4722 -4600 -4601 -4748 -4842 -4921 -4918 -4948 -5001 -5067 -5075 -5086 -5092 -5103 -5126 -5198 -5342 -5477 -5664 -5717 -5765 -5664 -5648 -5692 -5753 -5834 -5913 -6050 -6059 -5991 -5796 -5705 -5666 -5785 -5933 -6116
-910 -1033 -1254 -1553 -1962 -2558 -3512 -4524 -5337 -5817 -6023 -5855 -5510 -5203 -5006 -4946 -4798 -4726 -4696 -4766 -4878 -4937 -5036 -5100 -5130 -5121 -5131 -5103 -5052 -5100 -5173 -5304 -5450 -5651 -5744 -5842 -5799 -5770 -5779 -5791 -5806 -5830 -5875 -5894 -5897 -5869 -5688 -5690 -5762 -5872 -6023
-889 -982 -1143 -1344 -1484 -1842 -2934 -4176 -5633 -6330 -6261 -5915 -5533 -5088 -4910 -5037 -4972 -4724 -4408 -4344 -4790 -5006 -5142 -5206 -5229 -5208 -5169 -5094 -5049 -5079 -5161 -5230 -5425 -5575 -5675 -5818 -5760 -5756 -5720 -5711 -5713 -5734 -5776 -5839 -5872 -6004 -5548 -5671 -5720 -5805 -5931
-912 -996 -1152 -1310 -1554 -1781 -2068 -3325 -5722 -6603 -6150 -5960 -5530 -5227 -5082 -5033 -5064 -4922 -4426 -4194 -4479 -5108 -5279 -5327 -5289 -5213 -5180 -5100 -5109 -5067 -5164 -5232 -5430 -5546 -5605 -5716 -5703 -5683 -5648 -5614 -5615 -5649 -5611 -5764 -5840 -5929 -5433 -5637 -5663 -5736 -5853
-981 -1062 -1185 -1343 -1540 -1879 -2365 -3397 -5284 -6553 -6366 -6074 -5572 -5308 -5294 -5305 -5275 -5127 -4540 -4256 -4455 -5128 -5489 -5438 -5351 -5245 -5241 -5247 -5186 -5073 -5110 -5270 -5414 -5583 -5764 -5753 -5686 -5658 -5580 -5512 -5502 -5525 -5535 -5629 -5748 -5989 -5298 -5477 -5572 -5664 -5788
-1049 -1154 -1297 -1484 -1772 -2057 -2492 -3601 -4791 -6637 -6533 -6094 -5528 -5301 -5332 -5379 -5398 -5171 -4750 -4295 -4462 -5152 -5662 -5553 -5437 -5312 -5316 -5334 -5214 -5033 -5025 -5120 -5428 -5716 -5818 -5760 -5493 -5384 -5608 -5466 -5360 -5393 -5474 -5700 -5816 -5563 -5151 -5368 -5494 -5604 -5741
-1127 -1277 -1491 -1766 -2093 -2373 -3042 -4239 -5485 -6744 -6681 -6041 -5425 -5236 -5265 -5390 -5270 -4981 -4642 -4619 -4764 -5342 -5784 -5706 -5540 -5394 -5432 -5399 -5202 -5006 -5028 -5244 -5535 -5876 -5888 -5760 -5433 -5179 -5358 -5291 -5299 -5262 -5372 -5085 -5275 -5140 -5130 -5303 -5436 -5562 -5712
-1196 -1418 -1742 -2158 -2522 -2949 -3800 -4686 -5717 -6908 -6685 -5889 -5420 -5220 -4939 -5070 -5077 -4575 -4328 -4579 -5012 -5438 -5931 -5866 -5635 -5479 -5522 -5433 -5295 -5066 -5139 -5454 -5848 -6156 -6152 -5719 -5264 -5008 -5004 -5092 -5093 -5240 -5278 -5198 -4939 -4900 -5114 -5255 -5375 -5507 -5685
-1325 -1645 -2099 -2656 -3150 -3917 -4800 -5332 -5541 -6861 -6515 -5756 -5492 -5120 -4733 -4574 -4629 -4167 -4016 -4383 -4944 -5318 -5984 -6011 -5695 -5572 -5600 -5311 -5275 -5230 -5430 -5933 -6224 -6113 -6229 -5843 -5140 -4903 -4796 -4923 -4880 -4957 -5203 -5209 -4602 -4877 -5124 -5323 -5328 -5474 -5667
-1491 -1934 -2534 -3260 -4020 -4951 -5557 -5878 -6245 -6951 -6253 -5717 -5583 -4886 -4564 -4467 -4529 -4236 -3979 -4300 -4846 -5357 -6001 -6090 -5804 -5669 -5502 -5099 -5373 -5564 -5944 -6182 -6147 -5985 -5922 -5535 -4994 -4836 -4718 -4826 -4744 -4857 -5164 -5202 -5081 -4905 -5022 -5179 -5283 -5445 -5646
-1708 -2293 -3045 -3955 -4908 -5578 -5890 -6159 -6897 -7086 -6223 -5865 -5484 -4857 -4640 -4504 -4679 -4241 -3970 -4260 -4867 -5569 -5968 -6189 -5800 -5746 -5409 -5336 -5690 -5991 -6261 -6153 -6004 -5939 -5690 -5253 -4952 -4831 -4615 -4624 -4681 -4690 -4834 -5123 -4904 -4763 -4900 -5131 -5282 -5449 -5629
-1881 -2588 -3460 -4525 -5532 -5826 -6129 -6446 -6869 -6620 -6087 -5809 -5443 -5008 -4713 -4326 -4324 -4302 -4211 -4455 -5070 -5678 -5722 -5958 -5894 -5670 -5435 -5620 -5881 -6211 -6246 -6099 -5781 -5904 -5882 -5363 -5073 -4915 -4823 -4484 -4583 -4490 -4666 -5087 -4669 -4702 -4876 -5075 -5200 -5354 -5507
-2019 -2828 -3790 -4938 -5873 -6065 -6589 -7011 -6685 -6326 -6000 -5775 -5485 -5138 -4707 -4252 -4329 -4514 -4498 -4624 -5109 -5661 -5828 -5922 -5862 -5643 -5629 -5808 -6045 -6121 -6379 -6407 -6047 -6301 -6303 -5275 -4855 -5026 -4907 -4862 -4679 -4479 -4454 -4564 -4512 -4671 -4815 -4940 -5041 -5176 -5329
-2112 -2993 -4007 -5201 -6156 -6226 -6757 -6974 -6478 -6063 -5890 -5816 -5484 -5145 -4590 -4521 -4850 -5178 -4914 -4777 -5025 -5568 -5967 -6046 -5775 -5891 -5760 -5840 -5986 -6038 -6441 -6526 -6472 -6399 -5880 -5341 -4752 -4977 -4869 -4888 -4628 -4387 -4413 -4275 -4397 -4481 -4690 -4723 -4805 -4928 -5042
-2169 -3107 -4151 -5329 -6168 -6288 -6772 -6772 -6044 -5610 -5544 -5653 -5343 -4979 -4397 -4794 -5292 -5575 -5230 -4871 -5023 -5523 -5820 -6108 -6151 -5927 -5815 -5819 -5749 -5778 -6157 -6254 -6434 -6256 -5835 -5396 -5000 -4879 -4799 -4717 -4486 -4251 -4355 -4194 -4188 -4269 -4424 -4470 -4571 -4677 -4772
-2188 -3157 -4206 -5384 -6239 -6416 -6770 -6627 -5971 -5655 -5653 -5583 -5318 -4870 -4493 -4934 -5496 -5640 -5219 -4888 -5054 -5467 -5613 -6002 -5401 -5880 -5801 -5726 -5627 -5859 -6127 -6138 -5963 -5926 -5849 -5413 -4976 -4731 -4658 -4659 -4424 -4273 -4236 -3965 -3998 -4081 -4171 -4244 -4341 -4434 -4506
-2170 -3163 -4212 -5378 -6166 -6339 -6715 -6616 -5993 -5872 -5926 -5751 -5324 -4675 -4652 -5033 -5474 -5561 -5106 -4905 -5173 -5607 -5846 -5972 -5465 -5816 -5756 -5636 -5691 -6011 -6058 -5705 -5545 -5701 -5837 -5357 -4917 -4704 -4593 -4573 -4385 -4250 -4113 -3751 -3849 -3909 -3973 -4015 -4097 -4183 -4248
-2154 -3157 -4200 -5369 -6151 -6223 -6572 -6495 -5993 -5983 -6086 -5872 -5476 -4745 -4976 -5330 -5588 -5337 -4991 -4909 -5240 -5694 -5904 -6044 -5534 -5759 -5667 -5636 -5851 -5933 -5667 -5377 -5375 -5693 -5750 -5171 -4847 -4583 -4453 -4463 -4311 -4146 -3896 -3703 -3718 -3749 -3791 -3859 -3962 -4049 -4096
-2137 -3144 -4186 -5397 -6307 -6288 -6774 -6555 -6238 -6022 -5984 -5897 -5284 -4855 -5204 -5493 -5585 -5162 -4930 -4972 -5344 -5798 -5882 -5897 -5611 -5528 -5507 -5664 -5687 -5349 -5215 -5283 -5593 -5916 -5488 -5017 -4742 -4450 -4356 -4362 -4246 -4083 -3781 -3580 -3593 -3640 -3742 -3793 -3943 -4031 -4033
-2125 -3134 -4176 -5412 -6391 -6316 -6732 -6646 -6349 -6091 -6161 -6065 -5523 -5291 -5476 -5730 -5482 -5012 -4846 -5025 -5475 -5899 -6031 -6052 -5840 -5480 -5476 -5544 -5102 -4826 -4980 -5379 -6019 -5847 -5365 -4928 -4613 -4312 -4237 -4316 -4175 -3892 -3639 -3601 -3599 -3585 -3673 -3796 -3994 -4093 -4069
-2108 -3105 -4139 -5384 -6407 -6255 -6608 -6622 -6261 -6134 -6218 -6159 -5946 -5934 -6082 -5984 -5403 -4921 -4766 -5066 -5480 -5828 -6045 -6210 -6031 -5634 -5474 -5278 -4901 -4907 -5227 -5891 -6078 -5716 -5517 -4919 -4580 -4277 -4278 -4240 -4012 -3811 -3595 -3585 -3565 -3548 -3620 -3767 -4010 -4134 -4072
-2079 -3064 -4080 -5232 -5929 -5944 -6428 -6476 -6097 -6028 -6124 -6169 -6285 -6212 -6295 -5982 -5308 -4962 -4832 -5065 -5471 -5753 -6010 -6227 -5971 -5618 -5520 -5278 -4962 -5135 -5624 -6023 -5987 -5819 -5471 -4866 -4525 -4307 -4285 -4178 -3949 -3820 -3574 -3581 -3575 -3600 -3584 -3747 -3978 -4071 -4048
-2041 -3013 -4006 -5148 -5909 -5796 -6241 -6401 -5933 -5996 -6091 -6235 -6319 -6367 -6451 -5940 -5247 -4992 -4897 -5086 -5355 -5745 -5983 -6175 -5882 -5646 -5597 -5526 -5259 -5605 -6013 -6072 -6027 -5907 -5589 -4835 -4450 -4258 -4247 -4193 -3993 -3705 -3665 -3646 -3565 -3583 -3561 -3665 -3864 -3978 -3977
-2017 -2982 -3963 -5131 -6219 -6199 -5862 -6138 -5713 -5801 -6039 -5834 -6031 -6423 -6575 -6002 -5287 -5038 -4967 -5116 -5548 -5833 -6027 -6187 -6043 -5770 -5751 -5765 -5724 -6244 -6376 -6196 -6102 -5913 -5487 -4737 -4396 -4194 -4212 -4209 -4050 -3716 -3718 -3643 -3659 -3553 -3557 -3655 -3832 -3937 -4006
-2004 -2981 -3951 -5123 -6258 -6299 -6362 -5484 -5586 -5668 -5541 -5446 -5910 -6535 -6591 -6151 -5434 -5211 -5098 -5365 -5677 -5828 -6000 -6238 -6057 -5750 -5737 -5939 -5936 -6375 -6495 -6387 -6117 -5873 -5123 -4640 -4424 -4298 -4211 -4158 -3906 -3707 -3640 -3617 -3642 -3570 -3591 -3694 -3855 -3974 -4103
-2003 -2983 -3961 -5126 -6188 -6094 -6135 -5712 -5637 -5637 -5472 -5629 -5971 -6576 -6594 -6307 -5620 -5418 -5287 -5537 -5714 -5852 -5897 -5986 -5987 -5825 -5773 -5980 -6017 -6300 -6413 -6346 -6092 -5588 -5013 -4574 -4287 -4264 -4220 -4091 -3777 -3679 -3653 -3675 -3717 -3610 -3653 -3803 -3936 -4093 -4282
-2021 -3011 -4005 -5137 -5906 -5618 -5653 -5819 -5864 -5913 -6268 -6192 -6444 -6647 -6435 -5931 -5705 -5398 -5194 -5464 -5809 -5873 -5943 -6092 -6097 -5808 -5777 -6016 -6185 -6287 -6474 -6389 -5965 -5429 -4949 -4606 -4305 -4272 -4172 -4001 -3650 -3642 -3585 -3635 -3704 -3775 -3819 -3942 -4071 -4250 -4485
-2059 -3072 -4071 -5210 -6033 -5818 -5919 -6017 -6020 -5944 -6244 -6601 -6640 -6571 -6300 -5734 -5556 -5416 -5486 -5716 -5861 -5992 -6149 -6269 -6159 -5857 -5858 -6117 -6169 -6413 -6579 -6465 -5662 -5320 -5022 -4574 -4233 -4108 -4090 -3894 -3536 -3538 -3552 -3690 -3800 -3926 -3986 -4107 -4242 -4448 -4716
-2115 -3145 -4150 -5287 -6297 -6117 -5940 -6181 -6187 -6226 -6518 -6832 -6653 -6509 -6241 -5894 -5695 -5722 -5853 -5910 -5894 -5863 -6072 -6254 -6124 -5945 -6023 -6336 -6403 -6605 -6596 -6251 -5417 -4916 -4603 -4384 -4125 -4014 -4041 -3803 -3427 -3448 -3536 -3748 -3881 -4039 -4146 -4288 -4458 -4686 -4971
-2144 -3172 -4186 -5258 -6021 -5563 -5971 -6090 -6075 -6093 -6222 -6690 -6480 -6417 -6197 -6004 -5790 -5854 -5927 -5953 -6144 -5883 -6145 -6368 -6136 -6108 -6175 -6331 -6283 -6583 -6539 -6154 -5563 -5089 -4492 -4166 -4024 -4002 -3956 -3760 -3354 -3461 -3598 -3792 -3963 -4136 -4307 -4489 -4671 -4917 -5210
-2131 -3132 -4146 -5197 -5725 -5209 -6159 -6192 -6289 -6277 -6325 -6823 -6518 -6402 -6245 -6029 -5916 -5821 -5888 -5964 -5943 -5768 -6135 -6487 -6193 -6243 -6215 -6172 -6317 -6519 -6583 -6206 -5644 -5064 -4383 -3995 -3889 -3878 -3759 -3529 -3322 -3457 -3572 -3817 -3964 -4228 -4448 -4663 -4872 -5133 -5411
-2096 -3071 -4053 -5123 -5827 -6099 -6368 -6342 -6574 -6545 -6743 -6904 -6358 -6565 -6193 -6071 -5995 -5850 -6049 -6214 -6037 -6047 -6296 -6575 -6428 -6411 -6367 -6347 -6436 -6589 -6544 -6144 -5467 -4850 -4203 -3842 -3817 -3728 -3640 -3418 -3297 -3441 -3547 -3846 -4033 -4308 -4558 -4815 -5060 -5337 -5607
-2005 -2948 -3993 -5089 -5512 -5851 -6495 -6474 -6841 -6918 -6934 -5876 -6320 -6598 -6037 -6135 -6054 -5987 -6183 -6332 -6226 -6275 -6312 -6686 -6586 -6465 -6328 -6286 -6235 -6449 -6325 -5985 -5415 -4760 -4194 -3676 -3655 -3628 -3555 -3347 -3249 -3439 -3598 -3811 -4107 -4362 -4642 -4928 -5210 -5501 -5771
-1820 -2737 -3821 -5099 -6199 -6184 -6541 -6606 -6915 -6937 -6489 -5909 -6426 -6288 -6071 -6256 -6067 -6124 -6235 -6403 -6187 -6451 -6373 -6635 -6410 -6246 -6356 -6357 -6210 -6276 -6042 -5474 -5098 -4766 -4197 -3654 -3513 -3456 -3389 -3307 -3332 -3444 -3640 -3785 -4064 -4386 -4598 -4983 -5313 -5625 -5903
-1552 -2432 -3559 -4983 -6191 -6452 -6784 -6882 -7057 -6453 -6528 -6184 -6688 -6084 -5955 -5966 -6071 -6135 -6211 -6374 -6041 -6450 -6306 -6273 -6064 -6268 -6376 -6379 -6226 -6119 -5948 -5488 -4890 -4496 -3939 -3520 -3360 -3369 -3297 -3288 -3379 -3472 -3634 -3887 -4124 -4411 -4551 -4997 -5353 -5693 -5994
-1288 -2079 -3186 -4740 -6225 -6706 -6902 -7167 -6795 -7065 -6663 -6610 -6858 -6069 -5671 -5132 -5674 -6069 -6198 -6370 -5938 -6586 -6163 -5930 -6042 -6336 -6305 -6266 -6206 -6077 -5952 -5592 -4935 -4428 -3888 -3434 -3265 -3325 -3278 -3312 -3426 -3509 -3652 -3907 -4185 -4358 -4544 -5027 -5415 -5774 -6077
-1025 -1708 -2725 -4265 -6107 -6925 -6793 -7106 -6617 -6732 -6513 -6515 -6170 -5580 -5129 -4233 -5212 -6107 -6230 -6404 -5874 -6463 -6072 -5970 -6079 -6258 -6284 -6150 -6171 -6168 -6107 -5669 -4875 -4369 -3814 -3380 -3252 -3309 -3301 -3337 -3460 -3553 -3695 -3930 -4217 -4302 -4541 -5085 -5508 -5865 -6163
-776 -1324 -2188 -3582 -5410 -6450 -6377 -6538 -6813 -6648 -5855 -5999 -5600 -5129 -3789 -3557 -5218 -6094 -6312 -6260 -6595 -6390 -6051 -6091 -6036 -6003 -6200 -5952 -5989 -6010 -5863 -5464 -4858 -4202 -3756 -3360 -3223 -3293 -3310 -3326 -3446 -3573 -3706 -3941 -4276 -4424 -4623 -5217 -5600 -5956 -6263
-574 -980 -1630 -2574 -3371 -5113 -6258 -6490 -6280 -6042 -5441 -5281 -4671 -3508 -2653 -3280 -5188 -6159 -6376 -5682 -6298 -5944 -5689 -6154 -6300 -6156 -6120 -5999 -5940 -5828 -5651 -5292 -4978 -4286 -3745 -3408 -3263 -3210 -3266 -3287 -3409 -3579 -3807 -4032 -4232 -4431 -4930 -5353 -5736 -6051 -6308
-427 -688 -1106 -1501 -1151 -2682 -4384 -4952 -4475 -4240 -4473 -3835 -2997 -2467 -2344 -3173 -4997 -6012 -6468 -5966 -5830 -5067 -4817 -5878 -6362 -6249 -6171 -5899 -5946 -5880 -5385 -4907 -4646 -4456 -3836 -3294 -3141 -3132 -3203 -3254 -3414 -3579 -3798 -4130 -4358 -4550 -5122 -5467 -5822 -6139 -6371
-321 -457 -670 -834 -347 -667 -1742 -2821 -2755 -2377 -2611 -2854 -2290 -1899 -2134 -2999 -4808 -5874 -6372 -6118 -4868 -3914 -3956 -5294 -6180 -6207 -6119 -5886 -5874 -5795 -5289 -4820 -4423 -4129 -3751 -3377 -3070 -3088 -3155 -3220 -3268 -3589 -3766 -4058 -4273 -4812 -5236 -5573 -5911 -6226 -6454
-265 -328 -415 -494 -311 -453 -697 -1238 -1510 -1173 -914 -1610 -1644 -1817 -2171 -3118 -4534 -5613 -5891 -4790 -3739 -3117 -3411 -4596 -5866 -6158 -6069 -5838 -5675 -5485 -5264 -5006 -4377 -3922 -3547 -3389 -3043 -3052 -3112 -3121 -3279 -3520 -3803 -4190 -4709 -5144 -5367 -5616 -5967 -6297 -6505
-264 -313 -301 -292 -238 -304 -441 -590 -700 -659 -630 -710 -1464 -1688 -2249 -3322 -4383 -5140 -4560 -3695 -3361 -3062 -3408 -4425 -5401 -5916 -5906 -5692 -5432 -5170 -4775 -4595 -4222 -3802 -3394 -3318 -3187 -3078 -2925 -3092 -3339 -3543 -3538 -3843 -4288 -4996 -5256 -5619 -5977 -6333 -6607
-345 -328 -303 -262 -252 -254 -302 -412 -526 -641 -770 -845 -1002 -1840 -2506 -3247 -3880 -4150 -3734 -3339 -3270 -3195 -3811 -4845 -5364 -5443 -5474 -5363 -5111 -5027 -4799 -4327 -4007 -3673 -3343 -3243 -3180 -2919 -2885 -2989 -3020 -3180 -3434 -3713 -4039 -4859 -5225 -5602 -5945 -6351 -6786
-298 -346 -294 -236 -269 -276 -284 -342 -462 -611 -765 -934 -1249 -1996 -2603 -3097 -3321 -3400 -3553 -3491 -3335 -3337 -4389 -5050 -5070 -4948 -4888 -4945 -5013 -5000 -4869 -4579 -4220 -3815 -3393 -3195 -3182 -2932 -3008 -2691 -2893 -3056 -3420 -3707 -3992 -4872 -5211 -5578 -5923 -6365 -6827
-297 -337 -311 -253 -289 -301 -320 -377 -477 -615 -805 -956 -1179 -1708 -2433 -2822 -3380 -3625 -3817 -3543 -3423 -3343 -4267 -5177 -5303 -5215 -4822 -4722 -4952 -5155 -4893 -4691 -4411 -3932 -3366 -3112 -2950 -2908 -2585 -2606 -2782 -3083 -3349 -3713 -3949 -4380 -5003 -5479 -5889 -6349 -6795
-277 -288 -293 -276 -299 -320 -357 -434 -538 -658 -815 -961 -1076 -1555 -2317 -2614 -3397 -3927 -4181 -3868 -3464 -3641 -4428 -5235 -5604 -5774 -5177 -4732 -4892 -5072 -4879 -4701 -4476 -4036 -3443 -2972 -2819 -2414 -2428 -2622 -2813 -3073 -3278 -3567 -4126 -4558 -4781 -5335 -5875 -6302 -6677
-268 -262 -282 -282 -285 -323 -384 -482 -600 -727 -819 -917 -990 -1492 -2226 -2608 -3643 -4113 -4359 -3899 -3567 -3809 -4748 -5496 -5885 -5923 -5364 -5165 -5169 -4972 -4841 -4667 -4423 -4091 -3552 -2948 -2721 -2610 -2373 -2527 -2749 -2942 -3255 -3952 -4381 -4625 -5059 -5294 -5837 -6260 -6576
-266 -261 -277 -259 -261 -300 -394 -523 -640 -686 -772 -879 -971 -1606 -2339 -3103 -3858 -4419 -4317 -4047 -3583 -3982 -5083 -5834 -6262 -5877 -5495 -5435 -5445 -5108 -4875 -4706 -4469 -4192 -3621 -2998 -2583 -2244 -2328 -2448 -2686 -2930 -3547 -3982 -3550 -4343 -4816 -5256 -5781 -6185 -6475
-271 -262 -277 -246 -242 -277 -392 -569 -680 -711 -767 -819 -792 -1818 -2884 -3744 -4592 -5241 -4781 -4159 -3645 -4060 -5277 -6036 -6006 -5625 -5679 -5605 -5369 -5191 -5021 -4795 -4492 -4216 -3761 -3138 -2727 -2456 -2269 -2355 -2586 -2852 -3582 -3930 -4084 -4348 -4632 -5156 -5874 -6088 -6393
-276 -268 -271 -233 -240 -264 -375 -622 -761 -861 -1308 -1574 -1875 -2416 -3537 -4769 -5689 -6035 -5320 -4350 -3772 -4251 -5517 -6354 -6427 -5823 -5768 -5987 -5813 -5573 -5319 -4986 -4616 -4361 -3954 -3402 -2815 -2503 -2236 -2675 -2569 -3240 -3680 -3873 -4138 -4341 -4536 -5070 -5605 -6018 -6330
-285 -275 -267 -212 -234 -258 -363 -690 -901 -1320 -1920 -2299 -2586 -3032 -4300 -5866 -6964 -6807 -5658 -4599 -3927 -4505 -5816 -6504 -6889 -6129 -5789 -5975 -6173 -5921 -5587 -5181 -4781 -4417 -4109 -3586 -2740 -2559 -2627 -2767 -2987 -3376 -3680 -3918 -4051 -4305 -4475 -5016 -5553 -5953 -6261
-292 -285 -251 -186 -234 -256 -364 -743 -1019 -2039 -3036 -3366 -3580 -3746 -4889 -6246 -7335 -6739 -5828 -4766 -4215 -4835 -6015 -6429 -6991 -6212 -5853 -6185 -6429 -6046 -5711 -5391 -4991 -4582 -4265 -3669 -2793 -2550 -2389 -2915 -3176 -3395 -3629 -3881 -4083 -4259 -4434 -4980 -5491 -5880 -6187
-298 -294 -236 -177 -245 -257 -376 -698 -1141 -2592 -4161 -4589 -4521 -4577 -5401 -6532 -7385 -6571 -5751 -4793 -4452 -5039 -6192 -6091 -6419 -6245 -5766 -6074 -6471 -6092 -5716 -5510 -5139 -4737 -4409 -3740 -2952 -2603 -2686 -2878 -3009 -3379 -3613 -3845 -4104 -4278 -4436 -4952 -5450 -5808 -6125
-302 -301 -227 -187 -255 -263 -391 -608 -1943 -3483 -5199 -5419 -5006 -5118 -5877 -6551 -7023 -6504 -6169 -5339 -4697 -5403 -6422 -6105 -6704 -6298 -5668 -5669 -5883 -5698 -5650 -5622 -5291 -4832 -4452 -3765 -2987 -2698 -2916 -3205 -3260 -3228 -3479 -3723 -4017 -4124 -4522 -4965 -5430 -5775 -6073
-299 -306 -221 -197 -250 -274 -376 -562 -2330 -4175 -6000 -5978 -5403 -5473 -5805 -6289 -6455 -6199 -5936 -5670 -5073 -5571 -6407 -6445 -6858 -6151 -5395 -5766 -5972 -5897 -5961 -5835 -5511 -4918 -4443 -3769 -3014 -2799 -3060 -3261 -3590 -3298 -3381 -3621 -3908 -4192 -4563 -4990 -5423 -5767 -6038
-303 -308 -231 -212 -247 -282 -329 -576 -2588 -4581 -6247 -6405 -5678 -5844 -6230 -6049 -6159 -5752 -5020 -4786 -5319 -5440 -6100 -5941 -6331 -5813 -5315 -6002 -6260 -6102 -5990 -5913 -5698 -5031 -4264 -3637 -2996 -2864 -3122 -3261 -3488 -3378 -3465 -3699 -3881 -4315 -4683 -5031 -5429 -5743 -6004
-311 -307 -251 -248 -239 -288 -282 -670 -2756 -4840 -6213 -5740 -5659 -6100 -6598 -6214 -5967 -5075 -3463 -3841 -5100 -5436 -5931 -5420 -5737 -5895 -5582 -6229 -6146 -6071 -5970 -5825 -5741 -5106 -4290 -3649 -3071 -2968 -3097 -3217 -3352 -3394 -3490 -3613 -3861 -4286 -4771 -5070 -5441 -5740 -5973
-325 -304 -283 -279 -228 -297 -265 -711 -2881 -4703 -5534 -5486 -5203 -5814 -6431 -6162 -5635 -4210 -2994 -3777 -5239 -5516 -6077 -5805 -6005 -6153 -5570 -5984 -6048 -6035 -5987 -5813 -5563 -5034 -4308 -3790 -3197 -3045 -3042 -3158 -3220 -3359 -3516 -3573 -3863 -4344 -4772 -5107 -5461 -5736 -5941
-355 -299 -302 -292 -250 -333 -290 -874 -3114 -4813 -5311 -5350 -5192 -5916 -6002 -5771 -5291 -3457 -3195 -3948 -5226 -5509 -5843 -5692 -6004 -6244 -5911 -5947 -5994 -6017 -5952 -5792 -5452 -4944 -4237 -3712 -3271 -3083 -3093 -3109 -3147 -3321 -3368 -3533 -3852 -4332 -4805 -5128 -5472 -5731 -5941
-356 -293 -317 -311 -289 -404 -384 -1246 -3064 -4607 -4926 -4957 -4966 -5626 -5464 -5430 -4982 -3420 -3125 -3915 -4898 -5366 -5691 -5704 -6172 -6313 -6218 -6125 -6063 -6015 -5993 -5753 -5355 -4762 -4150 -3530 -3207 -3124 -3156 -3094 -3073 -3089 -3234 -3470 -3821 -4582 -4771 -5132 -5469 -5717 -5899
-318 -284 -313 -330 -357 -499 -592 -1040 -2662 -3980 -4280 -4487 -4921 -5175 -5092 -5066 -4707 -3427 -2758 -3919 -5076 -5183 -5362 -5816 -6166 -6198 -6137 -6114 -6049 -6101 -6051 -5657 -5257 -4735 -4113 -3498 -3285 -3194 -3058 -3051 -3271 -3340 -3063 -3269 -4044 -4238 -4666 -5088 -5455 -5720 -5892
-288 -274 -292 -318 -420 -613 -853 -1539 -2707 -3359 -3745 -4101 -4251 -4332 -4049 -4111 -3918 -3446 -2884 -4117 -4911 -4613 -5082 -5409 -5672 -5982 -5952 -6006 -6023 -5891 -5533 -5566 -5070 -4661 -4053 -3230 -2986 -3038 -2995 -3033 -3390 -3454 -3269 -3372 -3751 -4015 -4530 -5010 -5387 -5665 -5841
-321 -273 -269 -290 -429 -682 -1075 -1590 -2243 -2874 -3375 -3722 -4008 -4095 -4020 -3942 -3874 -3770 -3666 -3922 -4304 -4380 -4695 -5048 -5401 -5642 -5732 -5767 -5745 -5595 -5432 -5132 -4793 -4398 -3975 -3543 -3232 -3068 -2994 -3054 -3132 -3221 -3305 -3494 -3720 -4056 -4468 -4887 -5292 -5587 -5768
-367 -280 -238 -241 -311 -494 -688 -1095 -1652 -2407 -2989 -3610 -4082 -4266 -4195 -3629 -3219 -3159 -3073 -3348 -3652 -4099 -4524 -4929 -5310 -5571 -5771 -5620 -5554 -5345 -5174 -4882 -4511 -4061 -3724 -3441 -3277 -3128 -3048 -3057 -3008 -3054 -3127 -3290 -3536 -3890 -4285 -4699 -5136 -5461 -5659
-369 -302 -231 -224 -247 -326 -399 -752 -1257 -2023 -2612 -3294 -4006 -4312 -4066 -3164 -2825 -2745 -2585 -2882 -3246 -3775 -4247 -4669 -5028 -5288 -5319 -5343 -5324 -5094 -4893 -4597 -4213 -3738 -3411 -3192 -3111 -3030 -2977 -2926 -2858 -2894 -2958 -3109 -3369 -3727 -4117 -4535 -4981 -5405 -5538
-371 -337 -239 -229 -251 -320 -331 -537 -981 -1650 -2246 -2855 -3712 -3998 -3698 -2923 -2404 -2309 -2239 -2519 -2905 -3413 -3890 -4295 -4556 -4786 -4854 -4935 -5005 -4798 -4583 -4277 -3889 -3398 -3073 -2911 -2868 -2819 -2750 -2679 -2650 -2703 -2785 -2950 -3213 -3595 -3985 -4396 -4835 -5177 -5415
