---
MSL Height of maxmin Wbl [ft] Valid 1600 PST ~Z75~(0000Z)~Z~ FRI 19 May 2017 ~Z75~[24hrFcst@1443z]~Z~
Model= RASP Region= PANOCHE Grid= d2 Reskm= 4.0 Indexs= 1 51 1 69 Proj= lambert 4000 4000 40.0000 40.0000 -73.0000 36.6487 -121.0445
Day= 2017 5 19 FRI ValidLST= 1600 PST ValidZ= 000 Fcst= 24.0 Init= 12 Param= zwblmaxmin Unit= ft Mult= 1 Min= 3 Max= 10246
34 33 33 33 38 67 111 208 352 629 839 1059 1293 1474 4264 4337 4382 4406 4777 5158 5551 5958 6407 2027 2116 2187 6286 6695 6701 6573 6365 6151 5923 5686 721 558 4822 5582 5096 9395 3452 4215 4606 4605 4609 4218 7725 7735 4651 4661 5081
33 33 33 33 33 51 43 128 263 447 695 1015 1273 1457 3866 3915 4306 4305 4650 5021 5419 5848 5915 1956 5725 5818 6279 6696 6297 6599 6417 6211 5181 4935 3955 9119 4841 4748 8857 7753 8796 5019 4200 4199 4204 4610 7719 7728 3856 3480 5069
33 33 33 34 33 40 50 93 222 419 690 1015 1273 3742 3841 3871 4252 4227 4548 4911 5312 5762 1797 1903 5690 6204 6686 6721 6737 6654 6494 5892 5665 5818 6022 5841 4875 5179 3519 3477 5033 4205 4194 4192 3806 3815 3825 7722 4635 4246 5059
33 33 33 36 33 5 5 82 220 419 656 1015 1278 3753 3842 3844 3856 4177 4476 3712 3733 3084 4276 4769 5673 6206 6688 7173 7191 7133 7002 5997 6181 6336 6531 721 5334 6493 7320 3108 7234 4205 3799 4584 8212 3424 7706 2691 5038 4636 5053
33 33 33 36 33 38 38 115 220 453 779 1039 1475 3803 3842 3844 3846 4148 4428 4775 5182 1471 1582 1859 6468 5818 5943 6045 7701 7242 6710 7367 10013 9200 5769 5141 4572 4830 6424 3884 6325 2672 3412 4183 3409 3040 3049 2314 5456 4233 5048
33 33 33 36 33 11 53 132 236 483 728 1092 1416 3889 3532 3851 3812 4095 4738 5094 1465 1559 1685 1858 5708 5488 4463 3805 5723 6146 4900 9762 3659 9227 8983 8789 8618 4440 3935 6360 5455 3037 2648 4576 3407 3039 5012 3823 6756 4626 5892
33 33 33 34 33 25 76 125 279 558 813 1221 3886 3680 3650 3608 3907 4480 4684 5014 5451 1511 1697 1913 5800 5195 6377 4153 5762 7069 6579 4426 9604 9261 9000 8846 8672 5679 3154 2347 4608 3405 3015 4574 7685 3039 5434 7212 6753 4227 5889
33 33 33 33 33 38 105 132 324 581 959 1395 3745 3459 3731 3704 4343 2036 1540 5333 1349 1530 1743 6032 5899 5653 5978 9953 8742 7284 6413 6090 1986 3356 4241 8896 8175 2161 2758 2708 5437 3402 2642 4183 7689 3040 1933 7211 6751 4225 5887
33 33 33 33 33 51 139 207 262 555 1027 1629 3566 3090 3672 4051 2500 1680 1473 4532 1854 1804 5838 5677 4848 7724 5208 5731 7399 7274 8253 2414 1658 1410 4249 8388 8132 2117 2366 2327 7213 3412 3032 4194 7197 2667 4600 6744 5873 4621 5885
33 33 33 34 33 65 176 220 304 536 1173 1848 3231 2038 1492 4298 2069 1533 4857 3034 2209 5706 5451 4593 9035 6949 3788 2538 7365 6362 2896 2072 1491 8458 8452 7820 7539 6001 2728 1951 2305 1929 2671 3044 7200 3043 5011 6743 5024 5030 5883
33 33 33 33 33 94 191 271 394 815 1577 3750 2857 1606 4341 4398 2500 1628 4368 4869 1267 5272 4314 6204 6990 5454 5381 6939 6644 3040 2357 1845 8990 8341 8325 7675 6976 5557 3115 2320 2673 2678 2675 1930 6735 3424 5011 6742 5871 5029 5456
34 33 34 34 26 137 250 334 503 1145 2129 3654 2185 1449 2427 4663 4235 1914 3625 1157 5037 5293 5210 5582 5140 6309 8924 7555 3042 2654 1677 2925 8426 8240 7674 4950 4811 5582 3151 2722 2687 2682 2677 1932 6736 3811 5433 6296 5446 5029 5457
36 33 35 33 68 194 324 1150 905 1540 2262 3124 1727 2839 5113 4383 3957 1441 4382 5240 5092 5010 4555 2292 7401 5274 7551 7212 2385 2047 8704 8041 6909 6727 5801 4493 4814 5601 3554 3130 2712 3064 3053 6739 3427 4599 5010 6295 5024 4621 5037
36 33 11 49 161 268 416 1609 1026 1683 3672 3214 1643 4772 3644 3640 3305 1739 4777 5314 4822 3610 4920 5043 3443 2685 7251 6191 8782 7884 7244 5723 5099 5015 4179 4877 4813 6032 3946 3145 3104 3069 7211 4602 2675 4600 3050 4605 5025 5033 4630
36 33 25 86 234 356 519 830 1383 1932 4090 3997 1955 1791 2537 2827 4005 2419 5292 4217 4816 5097 10221 5474 3817 8593 7142 4369 6547 5509 5173 5226 4313 3190 4631 7483 5213 7368 4331 2770 7268 2703 7213 6739 2304 1577 2305 4605 5027 5035 4633
34 33 48 145 324 459 640 1086 1630 2154 4159 4727 1823 1487 1281 2820 5218 5615 4295 4948 5501 2206 3174 4096 9103 7395 6653 6587 8106 2057 1491 8895 8833 8357 4732 8005 7893 7353 7320 7293 3112 2335 4611 2305 2305 1937 2305 4606 5030 5038 4636
33 33 67 195 404 553 760 1227 1764 4042 3722 2462 2514 2036 4664 5202 5935 4733 5099 5240 1185 1699 2745 2660 7846 6282 8229 7226 7337 7462 1869 5137 5531 8628 4140 8068 7891 7334 3916 3127 3104 2331 1943 4205 2305 5859 2678 4608 5032 5040 4638
33 33 85 240 478 639 895 1493 2088 4209 2645 1802 2361 1440 4255 5370 5001 8052 6225 5161 1281 3072 4400 3544 7112 5629 5163 7125 7200 6637 3814 5638 2109 2751 4783 787 2125 3538 3512 3113 2717 2323 2308 5434 2306 5858 2679 5441 5457 5464 4639
33 33 99 276 541 714 1022 1788 4022 4360 2104 1714 1385 5036 4708 5131 8231 1691 5653 4321 1452 3766 3641 2163 2642 7576 5698 7004 4174 6874 5959 2712 3171 8678 1488 5877 6919 3524 3493 3476 2703 2313 2675 2302 2306 6290 2681 5869 5884 5466 5049
33 33 110 305 592 776 2460 1964 4188 3711 2112 1930 5588 5096 4919 8196 7688 7172 5497 8164 3441 8715 8464 8373 8064 7165 5488 7023 7355 10215 7370 3849 9029 2400 1475 5811 2112 3525 3104 3081 7219 2675 2669 2299 2305 2305 2312 1953 2338 5893 5473
33 33 117 324 629 829 1674 2054 4203 3092 2335 5022 4817 3678 2890 7835 1769 6894 5801 8206 8491 8732 8948 2200 2618 3048 7406 6979 10246 7459 3801 9361 3095 2063 1203 3746 2112 3537 7261 7229 7207 2667 2664 6730 6738 2308 6299 5875 2340 5896 5054
33 33 121 333 651 897 1240 2043 4220 3467 2231 4775 4209 2147 7647 6863 1531 5877 6169 7283 7596 8298 8527 2242 2652 7335 7113 8012 8004 8005 9912 3516 2474 1871 4432 3730 4380 3165 7265 4222 3421 2287 3035 3043 2311 2685 2693 5880 1975 5473 3864
33 33 125 342 675 932 1232 1987 2728 3709 5143 5131 4844 7336 6581 5845 4969 4579 5724 5991 6776 7021 1907 2263 6936 6780 6587 3974 8122 9909 4141 4035 4953 6074 7858 3754 3988 2785 2730 7216 3033 2281 5416 3040 2311 2689 2697 5459 5470 5476 3868
33 33 128 351 698 937 1254 2110 2742 3260 4962 4631 3313 3808 5939 4959 4030 3724 4479 5170 5952 6584 1831 2283 6037 6274 5932 5803 10126 4677 3495 4857 6245 7957 7920 7072 4772 6384 2712 7204 3025 1907 5412 3039 2309 3064 3075 3846 5473 5058 3873
33 33 133 363 727 986 1366 2333 4897 5615 4805 5905 3500 4863 2151 4559 2196 3303 3690 4374 5085 6098 1606 2454 3422 9414 6074 8586 4010 3684 3145 8515 8316 7724 1095 7042 5578 2736 2686 7188 3017 5828 5834 3038 2309 3066 3078 3849 5476 5062 3880
33 33 136 371 750 1036 1581 4503 4658 6306 5908 3587 5593 2744 2057 3889 2321 2950 3316 3633 5097 5776 6490 2589 3162 6740 7011 4919 3246 2772 2425 8457 2504 1765 975 6970 5954 2701 2666 7176 3775 4975 4573 3417 2309 3067 3080 5047 5479 5067 4673
33 33 139 379 772 1081 1692 2786 3656 6253 3849 5397 3766 2751 2019 3546 3097 2603 2626 3739 4851 6338 7028 2482 2945 6531 7044 5083 4955 5709 5312 2332 2075 1552 808 7379 5080 2691 2662 1900 3772 4974 3786 3801 1580 3067 3081 5896 6338 6351 5513
33 33 141 387 792 1109 1819 2778 4076 5821 6143 4204 3675 2746 1844 1533 1108 2547 2671 3823 5284 1851 4642 4542 6463 6969 6761 3191 5624 5429 8960 1969 1735 1219 698 7371 5512 3078 2300 1904 3772 5397 3023 4190 5433 3066 3080 6329 6342 3502 2402
33 33 152 410 830 1186 1887 2794 5187 5468 3158 3091 2741 3621 5051 1139 665 2088 2678 1088 1491 4617 4968 6505 6949 7076 5976 2907 5269 4640 4950 1520 1360 1215 7485 7371 5527 3094 2683 1909 4164 4976 3403 5417 4201 3443 3080 6775 3488 3509 2415
33 6 171 447 884 1251 1987 2887 5596 5782 3899 2399 1870 3821 3400 1033 2082 2425 2393 2737 5995 4616 2255 9081 6572 6646 4451 2938 6151 2053 5023 5592 3787 908 7431 6446 4699 4256 2689 1913 5395 2639 3785 5840 3424 3826 2706 6331 6347 6371 2429
33 14 193 460 947 1342 2154 3186 5772 6489 5870 2969 3242 2231 3440 2458 2037 2446 2644 3209 5971 7595 7765 8167 6240 6599 5813 3529 1961 5497 5980 5128 3931 5846 4409 6430 3144 1985 2314 3027 5817 2263 4977 4988 3421 4214 2706 5475 6348 6377 6421
33 34 234 533 1035 1549 2457 4652 5509 4244 4307 4130 3418 2842 3855 2526 2000 1785 2889 4676 6253 7272 7324 7843 8484 6241 2854 3803 5149 4122 4099 4353 7325 6749 4010 6410 2752 1972 2305 5830 5811 2630 1899 4984 3418 5441 6316 3860 4268 6385 6437
33 63 287 622 1102 1668 2546 4630 5202 5961 5995 4953 3889 6001 3978 2399 1980 1960 2732 4699 6234 6889 3149 4833 7822 7753 7564 2249 5689 7383 5596 3312 1518 7239 4787 6831 3100 1595 2665 2266 2249 3764 2636 3785 3417 2315 3843 4251 5077 6394 6454
33 223 356 732 2227 3725 5165 6560 5163 3726 3670 3075 5470 4324 2351 852 1313 2178 2986 3755 4090 6590 3608 6757 7354 7256 3311 2777 6200 4995 1823 2137 1725 823 5180 2743 3072 5010 2650 2256 2244 1881 2632 3019 3800 2687 3843 4650 5083 5549 6472
33 248 396 794 1988 3437 5224 6212 4664 3275 2734 2585 2987 3973 1794 567 1332 2281 3516 4023 4312 6316 4427 2638 2993 6632 7481 7687 3016 5471 4568 1491 3782 3801 3954 3093 3047 5837 2632 1875 1868 2245 6244 3018 4994 2686 4628 5060 5508 5558 6488
33 248 396 794 1988 1861 2502 3399 4406 2759 2084 2176 2683 3578 1435 332 1339 2008 3644 4621 4132 5937 5837 2321 2557 6422 7078 7353 3682 2555 5476 2833 4079 7088 3174 2695 2653 2258 2614 5789 2232 2246 5815 2647 1923 6293 5036 5060 4680 5145 6504
33 248 396 790 1226 1676 2411 3088 3190 2162 4291 1893 3752 2444 1126 1256 1396 2083 2128 4709 5639 2894 1770 1900 2245 5969 6579 7192 7249 2892 2169 3027 4571 3474 3167 2665 2259 2239 2229 6221 2612 5809 5821 3025 1567 3433 5454 5480 4681 4744 6520
33 156 361 718 1146 1589 2237 2716 4348 4116 3811 1804 3770 3191 1935 934 1476 1189 2126 4596 5424 2568 1478 4425 2138 5505 6065 6531 7412 7581 4605 3743 4227 3503 3150 2630 7143 6668 2605 6233 2999 5387 5393 3025 5418 3051 5874 5901 4285 4750 6535
33 97 301 607 982 1266 1944 3543 3604 3937 3445 1845 2369 2545 707 889 509 1282 2307 4203 2082 2549 4714 4025 2063 2396 5190 6225 6999 5141 4181 1195 3764 3455 3110 2607 7137 6675 6236 5804 4542 5379 4157 3397 4991 3046 2692 5897 4678 5163 6119
33 57 213 450 762 992 1496 2775 3576 1556 1328 1440 1641 1127 454 864 1585 1490 2460 3120 1810 2745 4219 1594 1965 2354 4824 5672 6631 4779 3915 4829 1202 3685 7713 2603 6672 6229 2612 5790 4522 4532 3759 3773 4573 3417 3059 1976 5504 5584 6133
33 29 144 352 569 740 1094 1955 1525 1085 1026 961 879 479 152 890 791 1709 2436 2642 1619 2326 1041 1380 1877 2368 4545 2406 6847 3840 7454 4310 7520 3930 4184 2979 6660 6210 2219 5773 3719 3732 3366 4155 3782 3414 3057 5466 5928 6017 6153
33 10 88 240 399 513 699 1033 981 808 795 633 422 193 769 241 813 1784 3257 2532 1468 1842 1014 1267 1982 4111 3639 2473 5491 6315 5643 3533 1522 3882 4167 2973 6647 6195 2204 5334 3326 3339 3357 4148 3777 3035 3060 4244 4680 5186 6177
33 5 86 160 265 333 421 524 544 448 522 446 500 536 760 247 808 1575 2714 2214 1280 1585 808 1122 2029 2751 3757 2517 1720 5355 5267 3590 1509 3858 3762 3345 6644 6192 2570 4494 2943 3334 3352 4540 3776 3038 2694 3483 3911 4016 4561
33 33 59 97 160 204 264 341 332 204 177 319 591 519 326 243 693 1237 2114 1537 842 1703 2060 1002 1700 2449 3888 2934 1749 4959 4853 3504 7361 3803 4130 7116 6641 6190 3321 4095 2568 3715 3349 3754 3392 5000 2332 3496 3544 3654 4200
33 33 42 57 88 116 151 172 149 87 55 55 315 497 119 267 633 947 1543 1019 1100 562 1959 792 1434 1914 3421 2977 1887 923 3470 3668 4647 3756 4111 6639 6189 5752 2563 4091 2194 4104 2971 3371 4565 1577 3086 3893 3944 4057 4223
33 33 36 42 54 70 89 84 67 51 33 33 18 60 143 411 615 1336 1273 1472 1143 403 1579 780 1139 1601 3010 2959 1784 1350 1340 4830 4254 3755 7116 6635 5750 4089 2188 4090 2193 4104 2973 2999 2651 3057 2725 5101 3964 4078 6276
33 33 33 33 33 8 52 51 44 39 33 33 35 467 239 421 533 608 1267 1255 673 1244 391 810 1164 2338 2404 2799 2791 1932 1649 1119 3964 3785 6653 6188 5745 4894 2188 1464 1826 4104 2600 3004 3029 3062 3103 5952 4358 4471 6279
33 33 33 33 33 33 34 33 33 33 33 33 33 54 136 246 324 603 808 1001 503 964 889 1299 1505 2464 2688 1543 3318 3324 2313 4443 3700 4211 4118 6189 5742 5315 2188 1825 1833 4506 2597 3001 1917 3061 1990 2776 5580 5268 6269
33 33 33 33 33 33 33 33 33 33 33 33 33 62 119 806 349 772 1563 1273 572 1358 1322 1682 3085 3052 3544 3885 3728 3801 1893 4163 4147 6774 6214 6187 6171 5312 2188 1828 2206 1847 3732 2621 2652 3056 2719 2762 2446 6092 6244
33 33 33 33 33 33 33 33 33 33 33 33 33 80 578 139 321 1005 1725 1255 567 1461 1329 1925 3662 3937 3684 4057 3441 2676 4573 3822 699 7269 6679 6187 5733 5307 2186 1826 2199 2211 4124 2625 2654 4598 2709 2750 2803 2537 6224
33 33 33 33 33 37 39 7 6 3 33 33 33 102 249 373 590 1152 1646 1267 558 1247 1394 2099 3841 2283 4564 4886 4543 4809 4253 1198 7583 6842 6712 6199 5736 5302 2549 1817 4897 2213 875 4969 227 5425 3072 5912 2420 6065 6214
33 33 33 119 33 37 12 13 12 7 33 33 41 136 370 655 996 1458 1721 1303 643 1044 1474 2189 4173 3071 5111 4173 3026 5990 5852 4741 4703 6919 6307 5786 5741 5297 3292 4075 1822 5342 5372 5394 2285 3803 4214 5478 5114 5640 5790
33 33 33 33 33 10 28 33 32 22 470 484 331 262 593 1106 1639 2536 1570 2991 3052 2733 1519 2247 2926 4904 5629 6267 6176 6126 5155 4884 4157 7069 6367 5803 5316 4869 4061 2915 1815 5331 3355 5380 3022 4185 4605 5477 3537 5218 5789
33 33 33 33 33 20 49 61 65 350 622 938 541 462 819 1569 3164 4252 3930 3708 3847 3214 3531 3978 5673 5461 6115 6238 6265 6807 4903 5008 4722 6802 6450 5815 4890 4865 4057 3290 1809 5319 3336 4938 4965 3409 3061 5063 5550 4047 5811
33 119 33 33 33 31 73 98 123 289 1204 1296 1034 669 1065 1845 4162 4359 3905 3282 4216 4428 2532 2672 5937 2652 4029 6162 6346 8366 5485 4819 7347 6990 6125 5400 4883 4449 3663 3287 5300 4891 4904 1854 2624 3029 3445 5079 5157 4472 5850
33 33 33 33 33 48 103 140 208 531 1911 1942 1500 964 1276 1999 5233 4147 2997 2833 5021 3072 3677 2654 7271 2847 5212 5364 5223 8037 8059 7794 7463 6672 6206 5410 4875 4448 4053 3285 4873 2930 4490 2219 2997 3407 3458 5103 5195 4517 5476
257 119 33 33 5 67 168 186 773 891 2359 1439 2325 1173 1520 2090 4040 3438 1041 5387 4713 4011 1849 2827 7425 5204 6311 5956 5764 7994 2431 7452 7079 6687 6213 5406 4459 4447 3281 3287 4462 4078 4489 4511 2628 3036 3858 4724 4051 3426 5530
261 119 119 33 46 90 170 240 463 1117 3031 1785 3623 2610 3283 3164 3958 1509 4486 5175 1693 1353 2071 2896 7025 5192 5585 2825 3010 2882 3495 7320 7178 2083 6149 5372 4452 4442 3664 3288 2544 4474 4486 3727 2632 3422 4268 3593 3346 3116 5588
263 119 34 33 56 107 193 283 552 1260 3193 4565 5234 3913 4233 4376 1615 903 3854 4602 1466 1155 2021 2910 6860 5223 2891 3115 3312 7946 7335 7414 6770 1677 6036 5328 4443 4039 2897 3286 2919 4474 4086 2958 2627 3427 4288 3253 3404 3186 5253
41 119 120 119 66 120 194 303 693 1289 1854 4098 5034 5759 4449 3519 5103 4384 2397 2372 4014 3812 1980 2680 6812 5310 7506 7720 7427 4237 2706 2440 1733 1333 6015 4952 4475 4049 3274 2531 3295 4080 3697 2581 2623 3815 3918 3666 3840 3631 5332
39 119 34 119 45 126 194 331 675 1273 3253 4060 4494 3392 5112 3317 4619 4005 2074 2045 3709 3542 1995 5653 6439 7249 7170 7297 3512 4484 2344 2721 1477 6360 5591 4989 4491 3660 3274 2530 3291 4080 3702 2586 2999 3820 2805 4084 4280 4082 5417
38 119 120 119 82 126 194 340 742 1282 1796 3731 3806 4375 4544 4666 4223 3262 2087 1712 3031 3214 1899 2462 5944 6900 6815 7191 3892 3986 2305 2921 1329 5858 5166 4587 4095 3654 2897 2529 3287 4075 2936 2959 3379 3821 2816 4494 4708 4519 5093
37 119 34 119 79 114 170 389 783 1189 1520 2899 3350 3862 3678 3860 3456 2878 1101 1389 2693 1182 1776 2253 5373 6367 6676 3031 3683 3721 2193 2783 6172 5814 5144 4569 4084 3260 2891 2898 3282 3681 2554 2953 2625 3435 3187 1551 4337 4557 5142
37 119 120 119 69 90 200 374 632 1065 1336 1528 2893 3321 3479 3391 3067 2499 427 1408 769 1270 1698 2058 4692 5620 2703 2711 3671 3390 1789 2632 6084 5339 5108 4540 4068 2871 2873 2887 3277 3292 2547 3323 2619 3049 3560 1887 4337 4561 5166
122 33 119 119 26 116 188 358 594 908 1162 1358 2768 3121 2588 2580 2682 2132 534 446 761 1166 1522 1844 2098 5283 2601 2601 3690 3108 1714 2838 1278 5283 5065 4110 4049 2861 2860 2878 2522 2537 2916 2942 2616 3425 3548 792 4336 4560 4781
257 255 119 119 16 61 115 265 480 804 1128 1311 1555 2632 2463 1041 1549 1104 1396 1393 845 1060 1362 1625 1956 2079 2530 3157 4106 3910 3277 2641 1124 661 4586 2918 3257 3617 2854 2498 2145 2531 2540 2566 2610 2295 2412 3695 4298 4138 4740
34 255 119 119 39 43 86 221 418 723 941 1196 1428 1627 2348 1149 735 643 1094 1083 666 965 1204 1399 1516 3898 1737 3168 4542 4013 3431 2477 5316 4694 2250 2895 4022 4005 3233 2124 1771 2154 2910 2935 2603 2653 2388 3279 3856 4445 4661
33 33 33 33 119 149 185 188 401 652 1275 1000 2382 1756 1017 723 413 362 624 1076 554 814 1012 2475 2904 3690 4436 5588 5115 4217 3656 2724 5228 4633 2211 4028 4014 1043 3233 2120 1766 2149 2908 2933 2598 2642 2365 2499 3417 3985 4572
33 33 33 33 119 58 89 167 450 595 774 906 962 1050 825 523 392 370 369 396 554 885 974 1114 3221 4385 1243 3638 3912 3758 3196 2647 5167 240 4079 2863 3620 3230 3234 2118 2130 2145 2907 3309 3343 2633 2344 2828 3727 3900 4473
